4.44569e-05
0.000294151
0.000329921
0.000367228
0.000412627
0.000526574
0.000544099
0.000882404
0.000943974
0.000970119
0.000979701
0.00101899
0.00103968
0.0010603
0.00107834
0.00114078
0.00123647
0.00125775
0.00146576
0.00156989
0.00157514
0.00163684
0.00164724
0.00187661
0.00188348
0.00194424
0.00202421
0.00203542
0.00203925
0.00222033
0.00273791
0.00274481
0.00281485
0.00287163
0.00294428
0.0031445
0.00324375
0.00332081
0.00338284
0.00346071
0.00350357
0.00363603
0.00368233
0.00371441
0.0039851
0.00399838
0.00405178
0.00410877
0.00416689
0.00421539
0.00452396
0.00461739
0.00474925
0.00485322
0.0051213
0.005204
0.00527436
0.00530147
0.00531825
0.00546291
0.00546745
0.00575183
0.00607267
0.00611895
0.00613268
0.00637652
0.00642939
0.00660769
0.00667668
0.00688031
0.00692397
0.0069254
0.00694185
0.0069918
0.00699411
0.00713486
0.00714768
0.00732946
0.00738414
0.00739423
0.00743921
0.00744423
0.0074491
0.00745926
0.00746515
0.00747141
0.00760682
0.00796759
0.00809615
0.00811945
0.00818031
0.00824831
0.00848281
0.00879157
0.00886064
0.00886498
0.00898464
0.00902872
0.00907931
0.00909055
0.00912567
0.0091407
0.00920336
0.00927675
0.00936706
0.00945004
0.00949122
0.0095348
0.00956744
0.00966489
0.00976659
0.00988979
0.00995482
0.010084
0.0102497
0.0105128
0.0105428
0.010603
0.0106043
0.0106841
0.0107533
0.0110807
0.0112366
0.0113093
0.0113372
0.0114532
0.0115036
0.0115602
0.0117681
0.0118546
0.0119135
0.0120982
0.0122188
0.0122393
0.0125759
0.0125926
0.0126356
0.0127506
0.0127998
0.0128384
0.012879
0.012911
0.0129117
0.0129841
0.0130179
0.0130215
0.0130975
0.013103
0.0133523
0.0133822
0.0134192
0.0134781
0.0136719
0.0138877
0.0139041
0.0139056
0.0139169
0.0139748
0.0141321
0.0141912
0.0143
0.0144543
0.0146574
0.0147501
0.01478
0.014795
0.014835
0.014884
0.0149257
0.0150117
0.0150588
0.0150983
0.0152955
0.0154046
0.0157846
0.0158242
0.0159561
0.0159955
0.0160306
0.0160613
0.0160939
0.0161436
0.0163774
0.0164441
0.0165353
0.0165584
0.0166176
0.0169074
0.0169216
0.0169623
0.0170168
0.017038
0.0171102
0.017267
0.0173704
0.0174355
0.0175006
0.0176468
0.0176901
0.0177065
0.0177203
0.0180862
0.0182456
0.0182619
0.0183138
0.0183781
0.0185156
0.0185525
0.0186214
0.0187607
0.0187857
0.0190519
0.019149
0.0192518
0.0192927
0.0193349
0.0194588
0.0194891
0.0195342
0.0195793
0.0196717
0.0199609
0.0201419
0.0202357
0.0204039
0.0205262
0.0205677
0.0205717
0.0206925
0.0208752
0.0211014
0.0213574
0.0214417
0.0214743
0.021672
0.0216741
0.0216803
0.0217151
0.0217397
0.0218203
0.0219019
0.0219216
0.0220413
0.0220606
0.022316
0.022368
0.0224105
0.0224708
0.0227186
0.0228176
0.0229306
0.0229993
0.0230501
0.0231957
0.0233285
0.0233438
0.0233533
0.023356
0.0235039
0.0235317
0.023532
0.0235457
0.0235726
0.0236216
0.0236461
0.0237508
0.0238655
0.0241481
0.0244358
0.0244564
0.0245607
0.0246406
0.0248867
0.0249513
0.0250018
0.0252147
0.025283
0.0253289
0.0253346
0.0253633
0.0253968
0.0256063
0.0257169
0.0261741
0.0262715
0.0263795
0.0264501
0.0267384
0.0267689
0.0267884
0.0268145
0.0268535
0.0269003
0.027032
0.0271377
0.0272406
0.0272937
0.0275227
0.0275417
0.0275703
0.0275879
0.0276023
0.0277441
0.0277786
0.0278089
0.0278121
0.0280843
0.0281233
0.0282057
0.0282801
0.0283138
0.028359
0.0285123
0.0285262
0.0286863
0.0287268
0.0288873
0.0289159
0.0289619
0.0289751
0.0290255
0.0290321
0.0292429
0.0292843
0.0293169
0.0293395
0.0294653
0.0294713
0.0298505
0.0300696
0.0301231
0.0302524
0.030333
0.0303407
0.0304083
0.03044
0.0304655
0.0307294
0.0307716
0.0309783
0.0310588
0.0311641
0.0312248
0.0312714
0.0313453
0.0313957
0.0315023
0.0315131
0.0316349
0.0316543
0.0316894
0.0317732
0.031834
0.0318934
0.0320192
0.0322063
0.03238
0.0325083
0.0329198
0.0329323
0.033097
0.0331204
0.0331773
0.0332528
0.0333416
0.0333538
0.0333539
0.0334542
0.0334774
0.0334924
0.0342537
0.0343699
0.034412
0.0344121
0.0344715
0.034495
0.0345652
0.0345858
0.0346082
0.0347939
0.0348557
0.0350942
0.0351893
0.0352348
0.0352392
0.0353064
0.0353165
0.0353644
0.0354363
0.035706
0.0357114
0.0358302
0.035837
0.0358856
0.0359135
0.0360295
0.0361329
0.0361709
0.0361753
0.0364271
0.0364308
0.0364668
0.0365159
0.0368108
0.036858
0.0368985
0.0369049
0.0370139
0.0371536
0.0372398
0.0373933
0.0375027
0.0375863
0.0376986
0.0380819
0.0382127
0.0382233
0.0382521
0.0384246
0.0385279
0.0387687
0.0388437
0.0390277
0.0391385
0.0391415
0.0392232
0.0392433
0.0393053
0.0394563
0.0395987
0.0397599
0.0397685
0.0401288
0.0405216
0.0405417
0.0407357
0.0408212
0.0409688
0.0410019
0.0410955
0.0411553
0.0413025
0.0413776
0.0414211
0.0414537
0.0416018
0.0416333
0.0420936
0.0422072
0.0422566
0.0422998
0.0425195
0.0427283
0.0428737
0.0429218
0.0429775
0.0429997
0.0430246
0.0431398
0.0431828
0.0432076
0.0432841
0.0436079
0.0436307
0.0436574
0.0439656
0.0439681
0.0439831
0.0440022
0.0440268
0.0441227
0.0444783
0.0444893
0.0444954
0.0445522
0.0446876
0.0449787
0.0450038
0.0450484
0.0451212
0.0452712
0.045429
0.045573
0.0457514
0.0457712
0.0458789
0.0459244
0.0460025
0.0460662
0.0461351
0.0461371
0.0461634
0.0466807
0.0466974
0.04678
0.0469609
0.046969
0.0470697
0.0470834
0.0471078
0.0471199
0.0471244
0.0471981
0.0472106
0.0473028
0.047395
0.0474261
0.0474672
0.0474782
0.0476256
0.0476953
0.0477026
0.0478266
0.0478418
0.0479403
0.0482105
0.0482886
0.0483989
0.0485045
0.0486484
0.0488466
0.0489247
0.0490948
0.049114
0.0491346
0.0491569
0.0492052
0.049628
0.0497757
0.0501277
0.0501311
0.0501784
0.0501874
0.0502434
0.0504414
0.0504645
0.0504838
0.0505368
0.0505724
0.0506124
0.0506424
0.0508461
0.0508664
0.0509354
0.0509407
0.0510013
0.0510852
0.05122
0.0512884
0.0512949
0.0514534
0.0516047
0.0516817
0.0516851
0.0517419
0.0517439
0.0517978
0.0518723
0.0519369
0.0520942
0.0522119
0.0522377
0.0522991
0.0524241
0.0525859
0.0528811
0.0530741
0.0532743
0.0534564
0.0538096
0.0539707
0.0540739
0.0541522
0.054302
0.0543289
0.0543628
0.0544555
0.0545212
0.0545883
0.0546259
0.0547342
0.0549596
0.0550168
0.0551391
0.0554183
0.055554
0.0555691
0.0556137
0.0557039
0.0558655
0.0560098
0.0561232
0.0562503
0.0563189
0.0563215
0.0564152
0.0565111
0.0565421
0.0566111
0.0567858
0.0569958
0.0571303
0.0571484
0.0572219
0.0572729
0.0573992
0.057558
0.0577655
0.0578456
0.0579594
0.0579947
0.0580074
0.0581049
0.0582003
0.0582602
0.0583821
0.0584533
0.0585141
0.0585483
0.0586685
0.0587416
0.0588445
0.0590107
0.0590192
0.0596634
0.0597971
0.0597992
0.0598791
0.0599652
0.0599859
0.0600524
0.0601096
0.0601241
0.0601832
0.0602121
0.0602339
0.0602591
0.0603559
0.0603716
0.0604317
0.0604869
0.0606686
0.0609279
0.0611629
0.0613669
0.0615989
0.0617364
0.0617739
0.0619322
0.0620829
0.0622474
0.062359
0.0625481
0.0626101
0.0626226
0.0626916
0.0628332
0.0629047
0.0629235
0.0630636
0.0631392
0.0631507
0.0631843
0.0632247
0.0632852
0.0633549
0.0634268
0.0634654
0.0635503
0.0636318
0.0637049
0.0637161
0.0640485
0.0641482
0.0644376
0.0646208
0.0647188
0.0649176
0.0652446
0.0654707
0.0655809
0.0656297
0.0657708
0.0657864
0.0658121
0.0658831
0.0660556
0.0660593
0.0661896
0.0663763
0.0664816
0.066672
0.0667399
0.0667999
0.0668196
0.066999
0.067056
0.0670569
0.0671813
0.0672081
0.0672529
0.0672636
0.0672654
0.0673108
0.0673998
0.0675132
0.0675968
0.0676595
0.067874
0.0679249
0.0679319
0.0680494
0.0680745
0.0680891
0.0681827
0.0682635
0.0683334
0.0683455
0.0687352
0.068887
0.0689328
0.0692953
0.0694127
0.0694304
0.0695976
0.0697181
0.0697267
0.069741
0.0697812
0.0698342
0.0700315
0.0701325
0.0702825
0.0703559
0.0704098
0.0706979
0.0707959
0.0710621
0.0712359
0.0712593
0.0713122
0.0713895
0.0714394
0.0714995
0.0716082
0.0716986
0.0717364
0.0719282
0.0719396
0.0720602
0.0723082
0.0727353
0.0727639
0.072865
0.0728735
0.072881
0.0729536
0.0730807
0.0731344
0.0732582
0.0732593
0.0733049
0.0735366
0.0735567
0.0736075
0.0736167
0.0736394
0.0736791
0.0737502
0.0739485
0.0739783
0.0742681
0.0743324
0.0744805
0.0746161
0.0746869
0.0747395
0.0747456
0.0747935
0.0748467
0.0751323
0.0752006
0.0752008
0.0752762
0.0754962
0.0756164
0.0757698
0.0757856
0.075919
0.0761395
0.0763841
0.0763845
0.0765038
0.0765091
0.0765179
0.0766426
0.0766717
0.0769455
0.0769695
0.0770838
0.0771759
0.0771947
0.0773168
0.0773173
0.0774273
0.077441
0.0774798
0.0774829
0.0775457
0.0776491
0.0777544
0.0779922
0.0781129
0.0781247
0.0781528
0.0782291
0.0783412
0.0785559
0.0785967
0.0786959
0.07877
0.0789209
0.0789987
0.0791514
0.0792342
0.0794422
0.0794432
0.0795699
0.0799739
0.0800272
0.0800385
0.080089
0.0803801
0.0804274
0.0804392
0.0807061
0.0807077
0.0807488
0.0807667
0.0807688
0.0807768
0.0808124
0.0811239
0.081177
0.0812863
0.0813944
0.0814658
0.0814665
0.0815059
0.0815628
0.081673
0.0817158
0.0817581
0.0817593
0.0818941
0.0819517
0.0819898
0.0820409
0.0822314
0.0825123
0.082585
0.0826887
0.0828693
0.0830064
0.0831568
0.0834602
0.0836368
0.0836536
0.0837371
0.0838412
0.0838661
0.0838902
0.0840829
0.0841396
0.0841398
0.08415
0.0841754
0.0842247
0.0842958
0.084395
0.0844203
0.0845257
0.0845473
0.0845856
0.0846643
0.0846822
0.0847034
0.0847884
0.0851184
0.0851565
0.0851979
0.0852504
0.0852983
0.0853146
0.0854087
0.0856137
0.0856589
0.0856829
0.0856998
0.0857949
0.0859547
0.085965
0.0860176
0.0860686
0.08615
0.0862491
0.0863452
0.0863899
0.0864018
0.0864148
0.0865138
0.0865302
0.0866915
0.0869993
0.0870057
0.0870439
0.087115
0.0872896
0.0874814
0.0874934
0.0875338
0.0877891
0.0879601
0.0880185
0.0882195
0.088316
0.0886729
0.0886792
0.0887078
0.0888853
0.0890051
0.0891223
0.0895179
0.0896454
0.0896689
0.0897806
0.0899382
0.0899826
0.0900158
0.0900894
0.0902562
0.0902704
0.0902932
0.0904801
0.0905599
0.0905836
0.0908311
0.090888
0.0910485
0.0912363
0.0912782
0.0915103
0.0915867
0.0916572
0.0916999
0.091792
0.092085
0.0920903
0.0921311
0.0923302
0.0923349
0.0924337
0.0925095
0.0926288
0.0928087
0.0928136
0.0928386
0.0928761
0.0930734
0.0931693
0.0933214
0.0933795
0.0933812
0.0935924
0.0936465
0.0938323
0.0938574
0.0939408
0.0940596
0.0941635
0.0943498
0.0944479
0.0945341
0.0945594
0.0946263
0.0946743
0.094748
0.0947929
0.094823
0.0948419
0.0949447
0.0952795
0.0953189
0.0953904
0.095415
0.0954436
0.0954535
0.0956989
0.0958008
0.0958059
0.0959053
0.0961284
0.0961324
0.096134
0.0961847
0.0964108
0.0964544
0.096547
0.0965905
0.0966417
0.0967206
0.0968805
0.0969336
0.0969536
0.0969779
0.0970513
0.0971971
0.0972304
0.0972991
0.0976092
0.097883
0.0979459
0.0980044
0.0980114
0.0982078
0.0982985
0.0985019
0.0985594
0.0986523
0.0988108
0.0988312
0.099006
0.0991367
0.0991806
0.0992339
0.09933
0.0993725
0.0993764
0.0994634
0.0995278
0.0996343
0.0997086
0.0998647
0.100118
0.100189
0.100219
0.100655
0.100659
0.100664
0.100707
0.100777
0.100881
0.100964
0.100971
0.100995
0.101101
0.101122
0.101253
0.101448
0.101535
0.101846
0.101964
0.102005
0.102244
0.102299
0.102317
0.102543
0.102611
0.102722
0.102804
0.102933
0.102938
0.103261
0.103262
0.103284
0.1034
0.103507
0.103683
0.103748
0.10383
0.103896
0.104294
0.104348
0.104502
0.104575
0.104865
0.104952
0.10512
0.10549
0.105524
0.10558
0.105804
0.105806
0.106265
0.106373
0.106383
0.106412
0.106569
0.107187
0.107259
0.107382
0.107419
0.107722
0.107754
0.107883
0.107947
0.108039
0.108078
0.108174
0.108417
0.108451
0.108511
0.108589
0.108991
0.109012
0.109046
0.109061
0.109129
0.109405
0.10946
0.10955
0.109555
0.109678
0.109697
0.109873
0.10991
0.110099
0.11025
0.110463
0.11061
0.110634
0.110659
0.110702
0.110711
0.111044
0.111067
0.111158
0.111521
0.111609
0.111621
0.111837
0.112008
0.112088
0.112232
0.112374
0.112403
0.112559
0.113008
0.113034
0.113051
0.113087
0.113153
0.113175
0.113308
0.113345
0.113347
0.113398
0.113702
0.11377
0.113794
0.113809
0.114077
0.114098
0.114116
0.114202
0.114347
0.114424
0.114478
0.114642
0.114898
0.114912
0.114978
0.115034
0.11516
0.115161
0.115183
0.115358
0.115733
0.115924
0.116002
0.116079
0.116141
0.116156
0.116158
0.116182
0.116248
0.116334
0.116439
0.116441
0.116465
0.116479
0.116569
0.116733
0.116877
0.116939
0.11714
0.117435
0.11762
0.117635
0.117781
0.117805
0.117876
0.117933
0.118108
0.118202
0.11825
0.11828
0.118514
0.118763
0.118912
0.119023
0.119334
0.119342
0.119349
0.119436
0.119458
0.119493
0.119705
0.11982
0.119974
0.120027
0.120151
0.120219
0.120234
0.120273
0.120336
0.120398
0.120448
0.120474
0.120732
0.120893
0.12091
0.120965
0.12128
0.121323
0.121422
0.121537
0.121576
0.12162
0.121829
0.121953
0.122028
0.122115
0.122306
0.122453
0.122489
0.122637
0.122644
0.12265
0.122712
0.122732
0.122949
0.123095
0.12324
0.123431
0.123517
0.123525
0.123526
0.123573
0.123602
0.123649
0.1237
0.123991
0.124215
0.124525
0.124611
0.124656
0.124681
0.124927
0.124951
0.125092
0.125116
0.125227
0.125278
0.125424
0.125521
0.125584
0.125588
0.125653
0.12585
0.126086
0.126098
0.126167
0.126329
0.126483
0.126501
0.127064
0.127075
0.127165
0.127266
0.127317
0.127454
0.12749
0.127708
0.127737
0.127739
0.127802
0.127906
0.12795
0.128186
0.128214
0.128338
0.128515
0.128518
0.128523
0.12853
0.128579
0.12869
0.128793
0.128898
0.128909
0.128963
0.129022
0.12906
0.129076
0.129147
0.129179
0.129214
0.129216
0.129251
0.129329
0.129381
0.12939
0.129402
0.129428
0.129459
0.129587
0.129779
0.129792
0.129831
0.129873
0.129959
0.130001
0.130106
0.130132
0.130664
0.130818
0.1309
0.130901
0.130959
0.131005
0.131027
0.131067
0.131514
0.131526
0.131529
0.131618
0.131735
0.131823
0.13195
0.132158
0.132204
0.132519
0.132593
0.132879
0.133165
0.133282
0.133346
0.133757
0.133894
0.133988
0.13399
0.134003
0.134156
0.13425
0.134339
0.134435
0.134538
0.134573
0.134655
0.134882
0.134882
0.134961
0.135014
0.135174
0.13533
0.135419
0.135432
0.135648
0.135751
0.13595
0.136057
0.136096
0.136152
0.136266
0.136384
0.13657
0.136649
0.13691
0.136919
0.136936
0.13701
0.137172
0.137222
0.137407
0.13744
0.137519
0.137608
0.137809
0.137823
0.137862
0.138026
0.13805
0.138065
0.138073
0.138077
0.138186
0.138249
0.138264
0.138406
0.138413
0.138429
0.138529
0.138543
0.138571
0.138655
0.138685
0.138778
0.138903
0.138955
0.139051
0.139202
0.139226
0.139277
0.139836
0.140006
0.140193
0.14023
0.140306
0.140328
0.140419
0.140436
0.140481
0.140497
0.140603
0.140608
0.140766
0.140841
0.140909
0.140943
0.141009
0.141071
0.141105
0.141122
0.141179
0.141213
0.141615
0.141664
0.141765
0.141879
0.141901
0.141905
0.141954
0.142131
0.142191
0.142193
0.14236
0.142379
0.142829
0.142842
0.142873
0.143054
0.143104
0.143292
0.143449
0.143501
0.143572
0.14359
0.143612
0.143671
0.143861
0.144049
0.14409
0.14411
0.144256
0.144391
0.144727
0.144879
0.144986
0.145181
0.145226
0.145529
0.145537
0.145769
0.145836
0.145943
0.145976
0.146097
0.146481
0.146507
0.146569
0.146619
0.14662
0.146692
0.146785
0.146812
0.146904
0.146945
0.14717
0.147223
0.147246
0.147372
0.147377
0.147405
0.147655
0.147862
0.147879
0.147883
0.148048
0.148222
0.14838
0.148433
0.148509
0.148564
0.148596
0.148747
0.14875
0.148777
0.14889
0.149278
0.149287
0.149357
0.149509
0.149817
0.149964
0.150025
0.150054
0.150178
0.150232
0.15029
0.1503
0.150361
0.150376
0.150382
0.150399
0.150451
0.15049
0.150665
0.15067
0.150695
0.150706
0.150734
0.150736
0.150754
0.150789
0.150875
0.150882
0.150897
0.15102
0.151099
0.151708
0.151953
0.152012
0.152682
0.15277
0.152808
0.152944
0.152977
0.153017
0.153159
0.153175
0.153598
0.153625
0.153692
0.153713
0.153765
0.154092
0.154164
0.154588
0.154639
0.154765
0.154944
0.155134
0.15516
0.155454
0.155621
0.155684
0.155698
0.155838
0.155875
0.155957
0.156001
0.156141
0.15622
0.156292
0.156339
0.156482
0.156563
0.156597
0.156621
0.156744
0.156774
0.156851
0.156859
0.156942
0.15695
0.157114
0.157209
0.15731
0.157354
0.157587
0.157658
0.157702
0.157818
0.157903
0.157952
0.158111
0.158306
0.158333
0.158409
0.158425
0.158459
0.158573
0.15862
0.159164
0.159259
0.159363
0.159651
0.159667
0.159726
0.159744
0.159934
0.159967
0.160048
0.16025
0.160459
0.160485
0.160624
0.160725
0.160753
0.160774
0.160805
0.161027
0.161289
0.161375
0.161464
0.161647
0.161682
0.16174
0.161933
0.162049
0.162094
0.162135
0.162157
0.162488
0.162529
0.162564
0.162655
0.162753
0.162834
0.162844
0.162991
0.163031
0.163033
0.163096
0.163265
0.163329
0.163421
0.163545
0.163548
0.163847
0.163927
0.163932
0.163946
0.163959
0.164032
0.164046
0.164163
0.164393
0.164428
0.164716
0.164756
0.164838
0.164851
0.16486
0.165008
0.165022
0.165086
0.165112
0.165138
0.165302
0.165681
0.165737
0.165792
0.165924
0.166072
0.166081
0.166144
0.166517
0.16656
0.166656
0.166732
0.166789
0.166853
0.166969
0.167051
0.167108
0.167292
0.167387
0.167715
0.167728
0.167751
0.168157
0.168224
0.168592
0.168744
0.168798
0.168902
0.168908
0.169071
0.169139
0.169312
0.169322
0.169388
0.169423
0.169509
0.169566
0.169794
0.169857
0.169884
0.170011
0.170069
0.170234
0.170307
0.170341
0.170357
0.170715
0.170954
0.170971
0.17099
0.171158
0.171223
0.171388
0.171531
0.171577
0.17162
0.17172
0.171722
0.17193
0.172032
0.172054
0.172198
0.172232
0.172246
0.172394
0.17258
0.172776
0.172979
0.173373
0.173422
0.173523
0.173524
0.17382
0.173974
0.174118
0.174258
0.17433
0.17465
0.174737
0.174819
0.174838
0.174954
0.175134
0.175183
0.175232
0.175233
0.175272
0.175623
0.175661
0.175765
0.175765
0.175841
0.175865
0.175905
0.176262
0.176271
0.17629
0.176453
0.176478
0.176525
0.176529
0.176648
0.176779
0.176877
0.177039
0.177114
0.177355
0.177448
0.177571
0.177687
0.177799
0.177842
0.177999
0.178093
0.178109
0.178132
0.1782
0.178384
0.178386
0.178542
0.178588
0.178597
0.178691
0.178726
0.178866
0.179042
0.179156
0.179257
0.179268
0.179343
0.179638
0.17974
0.179788
0.180059
0.180198
0.180228
0.180271
0.180433
0.180451
0.180774
0.18088
0.180884
0.180943
0.181107
0.181134
0.181339
0.18142
0.181477
0.181515
0.18156
0.181605
0.181685
0.181795
0.181942
0.182018
0.182024
0.182087
0.182299
0.182343
0.182419
0.182463
0.182472
0.182548
0.182561
0.182698
0.182752
0.182843
0.182883
0.182959
0.183188
0.183191
0.183225
0.183304
0.183339
0.183488
0.183691
0.183701
0.184154
0.184168
0.184182
0.184241
0.184359
0.184452
0.184462
0.184525
0.184571
0.184651
0.184957
0.185062
0.185067
0.185109
0.185286
0.185306
0.185326
0.185336
0.185341
0.185384
0.185537
0.185755
0.185779
0.185942
0.186063
0.186129
0.1862
0.186222
0.186319
0.186326
0.186473
0.186602
0.186748
0.186982
0.18702
0.187335
0.187467
0.187634
0.187731
0.187752
0.187758
0.187785
0.187937
0.188044
0.188088
0.188103
0.188427
0.188506
0.188713
0.188763
0.188767
0.18882
0.188821
0.188889
0.188907
0.188917
0.188919
0.189074
0.189162
0.189193
0.189279
0.189319
0.189402
0.189403
0.189491
0.189526
0.1896
0.18969
0.189825
0.189883
0.189891
0.19001
0.190012
0.190335
0.190443
0.190635
0.190676
0.19095
0.191046
0.191061
0.191158
0.191388
0.191463
0.191536
0.191835
0.192009
0.192117
0.192221
0.192241
0.192309
0.192437
0.192451
0.192477
0.192491
0.192707
0.19283
0.193202
0.193314
0.19333
0.19339
0.193477
0.193591
0.193689
0.1937
0.193714
0.193764
0.193851
0.193965
0.194127
0.194271
0.194355
0.194373
0.194384
0.194485
0.194718
0.194934
0.195004
0.195082
0.195088
0.195206
0.195344
0.195519
0.195828
0.195968
0.195984
0.19602
0.196145
0.196352
0.19649
0.196546
0.196548
0.196682
0.196782
0.196795
0.196905
0.196954
0.197191
0.197327
0.197507
0.197567
0.197708
0.197952
0.198372
0.198469
0.198534
0.198807
0.198824
0.199016
0.199059
0.199144
0.199207
0.199213
0.199254
0.199324
0.199343
0.199601
0.199607
0.199698
0.199828
0.199948
0.200028
0.200275
0.200575
0.200703
0.200805
0.200828
0.200845
0.200946
0.201066
0.201184
0.20127
0.201306
0.201335
0.201392
0.201664
0.20172
0.20177
0.201815
0.201902
0.201907
0.202203
0.202242
0.202295
0.202298
0.202374
0.20242
0.20263
0.202674
0.202926
0.203152
0.203214
0.203342
0.203433
0.203433
0.203473
0.203706
0.204008
0.204423
0.20446
0.204554
0.204803
0.205037
0.205145
0.205508
0.20561
0.205684
0.205832
0.206011
0.206356
0.206419
0.206478
0.206638
0.206703
0.206808
0.20699
0.20706
0.207117
0.207181
0.20733
0.207569
0.207714
0.207821
0.207827
0.207864
0.207994
0.208134
0.208173
0.20828
0.208375
0.208452
0.208472
0.20853
0.208535
0.208608
0.208655
0.208711
0.208798
0.208924
0.209008
0.209136
0.209363
0.209373
0.209424
0.209507
0.209534
0.209675
0.209718
0.209788
0.209884
0.209958
0.210042
0.210163
0.210174
0.210212
0.210263
0.210326
0.210467
0.210606
0.210673
0.210865
0.210909
0.211083
0.211151
0.211202
0.211271
0.211349
0.211471
0.211476
0.211494
0.211514
0.211549
0.211734
0.211775
0.211797
0.212059
0.212267
0.212294
0.21253
0.212547
0.212684
0.212828
0.213098
0.213167
0.213274
0.21343
0.213456
0.213929
0.213937
0.214039
0.214059
0.214117
0.214251
0.214378
0.214605
0.214647
0.214791
0.214813
0.214854
0.214892
0.215012
0.215073
0.215082
0.215141
0.215153
0.215426
0.215449
0.21545
0.215504
0.215537
0.21571
0.215794
0.215979
0.216107
0.21611
0.216117
0.216122
0.216166
0.216171
0.216299
0.216333
0.216369
0.21644
0.216651
0.216844
0.217038
0.217169
0.21722
0.21723
0.217339
0.217615
0.217665
0.218251
0.218309
0.218424
0.218505
0.218535
0.218559
0.218581
0.218606
0.218608
0.218644
0.218716
0.218796
0.218848
0.219101
0.219223
0.219368
0.219384
0.219398
0.219575
0.219605
0.219767
0.219846
0.219888
0.219982
0.220019
0.220136
0.220385
0.220425
0.220641
0.220795
0.220979
0.221034
0.221035
0.221088
0.221186
0.221188
0.221406
0.221437
0.221438
0.221491
0.221493
0.221619
0.221635
0.221736
0.22185
0.221971
0.22204
0.222076
0.222116
0.222351
0.222366
0.222462
0.222497
0.222765
0.222852
0.222964
0.223011
0.223036
0.223069
0.223284
0.223471
0.223532
0.223621
0.223639
0.223695
0.223814
0.223976
0.224084
0.224155
0.224155
0.224224
0.224289
0.224357
0.224418
0.224496
0.224657
0.224663
0.224675
0.224797
0.224936
0.224979
0.225008
0.22512
0.225274
0.225302
0.225329
0.225766
0.225927
0.22596
0.22598
0.22613
0.226171
0.226386
0.2264
0.226678
0.226743
0.22687
0.226878
0.226922
0.227005
0.227025
0.227063
0.227179
0.227267
0.227335
0.227521
0.227525
0.227569
0.22769
0.22773
0.227861
0.227939
0.228025
0.228173
0.228327
0.228441
0.228458
0.228642
0.22873
0.228778
0.228817
0.228916
0.229219
0.229291
0.229317
0.22932
0.229633
0.229687
0.229695
0.229698
0.230021
0.230049
0.23045
0.230551
0.231013
0.231039
0.231088
0.231101
0.231175
0.231342
0.231651
0.232046
0.232229
0.232599
0.232657
0.232899
0.232982
0.233013
0.233013
0.233028
0.233043
0.233053
0.233261
0.233413
0.233421
0.233477
0.233483
0.233513
0.233686
0.233765
0.233875
0.233883
0.233978
0.234017
0.234366
0.234371
0.234511
0.234602
0.234742
0.234764
0.235025
0.235033
0.235096
0.235147
0.235252
0.235308
0.235422
0.23546
0.235518
0.235619
0.235776
0.235873
0.235879
0.235931
0.23599
0.236049
0.236057
0.236148
0.23616
0.236256
0.236263
0.236303
0.236335
0.236383
0.236404
0.236427
0.236607
0.236761
0.236815
0.23682
0.237024
0.237029
0.237103
0.237223
0.237269
0.237291
0.237373
0.237377
0.23741
0.23743
0.237483
0.237562
0.237641
0.23772
0.237724
0.237932
0.237943
0.238166
0.238167
0.238174
0.238226
0.238305
0.23864
0.238665
0.238685
0.238858
0.239335
0.239418
0.239509
0.239517
0.239549
0.239576
0.239636
0.239706
0.239717
0.239859
0.239965
0.240051
0.240148
0.24033
0.24042
0.24056
0.24059
0.240601
0.240647
0.240706
0.240798
0.240822
0.240857
0.240912
0.240977
0.241027
0.241162
0.241168
0.241184
0.241199
0.241214
0.241228
0.241241
0.241377
0.241384
0.241449
0.241463
0.241466
0.24155
0.24165
0.241734
0.24175
0.241874
0.241881
0.241947
0.242014
0.242023
0.242027
0.242031
0.242093
0.242433
0.242598
0.242767
0.242785
0.242986
0.242988
0.243257
0.243349
0.243399
0.243512
0.243515
0.243554
0.243672
0.243677
0.243677
0.24378
0.243793
0.243809
0.243903
0.243956
0.24408
0.244098
0.244175
0.244193
0.244206
0.244277
0.244281
0.244374
0.244785
0.245074
0.245074
0.24514
0.245295
0.245533
0.245637
0.245699
0.245749
0.24578
0.245803
0.245849
0.245867
0.245946
0.245953
0.246113
0.246139
0.246191
0.246222
0.246265
0.246331
0.246392
0.246434
0.246518
0.246596
0.246645
0.246785
0.246785
0.246799
0.246851
0.246895
0.246921
0.247251
0.247264
0.247457
0.247574
0.247575
0.247648
0.247649
0.248057
0.248065
0.248241
0.248312
0.248337
0.248345
0.24846
0.248509
0.248566
0.24865
0.248742
0.248806
0.248937
0.248945
0.249109
0.249148
0.249216
0.249358
0.24939
0.249467
0.249479
0.24955
0.249636
0.249655
0.249665
0.249743
0.250013
0.250068
0.250076
0.250121
0.250206
0.250364
0.250427
0.250551
0.250692
0.250719
0.25084
0.250849
0.251129
0.251178
0.251224
0.251411
0.251469
0.251531
0.251678
0.251736
0.251748
0.251772
0.251834
0.25185
0.251879
0.251924
0.251936
0.252087
0.252115
0.252136
0.252147
0.252189
0.252198
0.252257
0.252326
0.252385
0.252413
0.252583
0.252772
0.25281
0.252831
0.252939
0.252984
0.253019
0.25326
0.253341
0.253365
0.253407
0.253634
0.253723
0.253741
0.253886
0.253947
0.253968
0.254034
0.254062
0.254099
0.254153
0.254221
0.25433
0.2544
0.254542
0.254548
0.254628
0.254661
0.254662
0.254684
0.254714
0.254792
0.254872
0.254877
0.254906
0.254957
0.255187
0.25521
0.255259
0.255266
0.255347
0.255454
0.255577
0.255758
0.255765
0.255771
0.256007
0.25601
0.25601
0.256019
0.256051
0.256076
0.256146
0.256181
0.256194
0.256249
0.256295
0.256302
0.256626
0.256759
0.256955
0.256969
0.256998
0.257029
0.257041
0.257144
0.257162
0.257374
0.257806
0.257817
0.257926
0.257936
0.258148
0.258299
0.258312
0.258712
0.258787
0.258825
0.258958
0.259161
0.259182
0.259204
0.259213
0.259239
0.25924
0.259314
0.259485
0.259499
0.259511
0.259546
0.259553
0.259603
0.260042
0.260067
0.260222
0.260223
0.260276
0.260304
0.260504
0.260734
0.260762
0.260919
0.260932
0.260963
0.260977
0.261177
0.261255
0.26128
0.261339
0.26135
0.26136
0.261435
0.261483
0.26152
0.261593
0.261642
0.261763
0.261812
0.261835
0.261858
0.262002
0.262084
0.262119
0.262223
0.262299
0.262334
0.262449
0.262484
0.26254
0.262683
0.262808
0.26289
0.262901
0.262917
0.262957
0.26309
0.263106
0.26312
0.263221
0.263434
0.263465
0.263477
0.263617
0.263632
0.263886
0.263928
0.263943
0.26408
0.264168
0.264188
0.264293
0.264334
0.264503
0.264576
0.26465
0.264884
0.26501
0.265063
0.265095
0.265111
0.265196
0.265212
0.265321
0.265398
0.265583
0.265613
0.265639
0.265648
0.265767
0.265865
0.265912
0.265966
0.265972
0.265997
0.266146
0.266254
0.266385
0.266413
0.266512
0.266593
0.266642
0.266646
0.266948
0.266961
0.26699
0.267055
0.267114
0.267117
0.267192
0.267287
0.267298
0.267446
0.267654
0.267657
0.267678
0.26778
0.268182
0.268279
0.268374
0.268396
0.268406
0.268527
0.268766
0.268872
0.268879
0.268896
0.268943
0.268943
0.268973
0.268985
0.269011
0.269059
0.269204
0.269207
0.269288
0.269372
0.269595
0.269617
0.26995
0.270091
0.27026
0.270317
0.270545
0.270689
0.270966
0.271142
0.271148
0.271199
0.27147
0.27149
0.271521
0.271583
0.271724
0.271845
0.27193
0.272023
0.272105
0.272106
0.272241
0.272252
0.272297
0.272319
0.272354
0.272403
0.272411
0.272485
0.272556
0.272898
0.273024
0.273129
0.273156
0.273224
0.27324
0.273417
0.273552
0.273562
0.273564
0.273586
0.273676
0.2738
0.273837
0.273856
0.273874
0.27392
0.27393
0.274014
0.274132
0.27414
0.274334
0.274342
0.27435
0.274393
0.274438
0.274456
0.274546
0.274553
0.274557
0.274588
0.27491
0.275009
0.275055
0.275091
0.275098
0.275105
0.275106
0.275248
0.2753
0.275341
0.27535
0.275438
0.27555
0.275588
0.275631
0.275722
0.275735
0.275882
0.27591
0.275995
0.276069
0.276092
0.276111
0.276142
0.276228
0.276308
0.276337
0.276412
0.276425
0.27655
0.276643
0.276652
0.276659
0.276681
0.276683
0.276779
0.276856
0.276867
0.276921
0.27694
0.27701
0.277049
0.277083
0.277232
0.277249
0.277261
0.277268
0.277384
0.277452
0.277508
0.277706
0.277716
0.277899
0.277913
0.277993
0.278128
0.278134
0.278137
0.278191
0.278276
0.278376
0.27858
0.278635
0.278648
0.278657
0.278692
0.278976
0.278977
0.279039
0.279088
0.279276
0.279433
0.279437
0.279449
0.279488
0.27951
0.279537
0.279539
0.279606
0.27967
0.27968
0.279688
0.279791
0.279792
0.279819
0.279852
0.279854
0.279891
0.27997
0.280091
0.280154
0.280185
0.28024
0.280245
0.280315
0.280332
0.280417
0.28044
0.280605
0.280651
0.280672
0.280765
0.280812
0.280812
0.28087
0.280899
0.281017
0.281021
0.28113
0.281202
0.281204
0.281269
0.281432
0.281528
0.281565
0.28161
0.28164
0.281728
0.281803
0.281826
0.28186
0.281913
0.281924
0.28197
0.281971
0.281973
0.282029
0.282234
0.282286
0.282318
0.282346
0.282368
0.282371
0.282436
0.28249
0.282884
0.282891
0.283015
0.283028
0.283228
0.283343
0.283383
0.283428
0.283431
0.283462
0.283486
0.28351
0.283523
0.283535
0.28357
0.283573
0.283605
0.283754
0.283938
0.284028
0.284055
0.284113
0.284188
0.284267
0.284274
0.28438
0.284388
0.284404
0.284436
0.284466
0.284531
0.284616
0.284692
0.284713
0.284751
0.284763
0.284799
0.284841
0.284911
0.285023
0.285101
0.285122
0.285184
0.28534
0.28535
0.285358
0.285429
0.285494
0.285583
0.285632
0.285649
0.285677
0.285866
0.285969
0.286014
0.286025
0.286116
0.286172
0.286174
0.28624
0.286557
0.286647
0.286654
0.286658
0.286671
0.286709
0.286739
0.28676
0.286952
0.287061
0.287183
0.287183
0.287444
0.287449
0.287718
0.287851
0.287852
0.287856
0.287926
0.287967
0.288085
0.288116
0.28816
0.288164
0.288169
0.288212
0.28822
0.288277
0.288327
0.288332
0.288364
0.288368
0.28843
0.288434
0.288477
0.28852
0.288592
0.288995
0.289042
0.289111
0.289127
0.289129
0.289143
0.289155
0.289174
0.289322
0.289377
0.289381
0.289393
0.289393
0.289434
0.289497
0.289563
0.289676
0.289713
0.289778
0.289813
0.289818
0.289899
0.28991
0.289981
0.290002
0.290201
0.290219
0.290268
0.290334
0.290356
0.290387
0.290392
0.290464
0.290589
0.290656
0.290684
0.290713
0.290722
0.290762
0.290767
0.290922
0.290953
0.29097
0.290977
0.291084
0.291127
0.291275
0.291283
0.291409
0.291565
0.291593
0.291594
0.291657
0.291784
0.291823
0.291842
0.291908
0.291913
0.291967
0.292113
0.292215
0.292273
0.292278
0.292619
0.292704
0.292837
0.293008
0.293051
0.293184
0.293256
0.29335
0.293355
0.293378
0.293424
0.293431
0.293528
0.293684
0.293749
0.293759
0.293784
0.293797
0.293799
0.293837
0.294038
0.294066
0.29407
0.294154
0.294253
0.294486
0.294613
0.294683
0.294699
0.294767
0.294767
0.294822
0.294941
0.295093
0.295143
0.295186
0.295199
0.295249
0.295295
0.295463
0.295559
0.295559
0.29575
0.295897
0.295907
0.295944
0.296057
0.296088
0.296096
0.296184
0.296188
0.296213
0.296278
0.296326
0.296413
0.296426
0.296439
0.29645
0.296516
0.296629
0.296788
0.296881
0.296988
0.297177
0.297274
0.297275
0.297284
0.297297
0.297307
0.297346
0.297352
0.297402
0.297638
0.297638
0.29785
0.297865
0.297869
0.297906
0.297951
0.297957
0.297987
0.298013
0.29812
0.298122
0.298155
0.298234
0.298236
0.298241
0.298258
0.298431
0.298463
0.298563
0.298565
0.298584
0.298829
0.29889
0.29895
0.298968
0.299064
0.299107
0.299109
0.299124
0.299192
0.299221
0.299257
0.299302
0.299328
0.299383
0.299432
0.29953
0.299635
0.299638
0.299641
0.299669
0.299698
0.299771
0.299861
0.299887
0.299916
0.299941
0.299969
0.299992
0.300011
0.300076
0.300082
0.300127
0.300152
0.300155
0.300162
0.300173
0.3002
0.300229
0.30024
0.300246
0.30033
0.300361
0.300405
0.300464
0.300475
0.300496
0.300539
0.300607
0.300643
0.300663
0.300672
0.300677
0.30077
0.300775
0.300782
0.300823
0.300864
0.300909
0.300976
0.301205
0.301228
0.301277
0.301304
0.301365
0.301401
0.301426
0.301496
0.301498
0.301589
0.301599
0.301617
0.301633
0.301665
0.301665
0.301678
0.301734
0.301766
0.301821
0.301848
0.301863
0.301865
0.30188
0.301927
0.301946
0.302012
0.302032
0.302048
0.302097
0.302109
0.302161
0.302194
0.302203
0.302338
0.302419
0.302429
0.3026
0.302616
0.302677
0.30279
0.303001
0.303094
0.303114
0.303323
0.303346
0.303352
0.303462
0.303466
0.303469
0.303472
0.303518
0.303536
0.30368
0.303711
0.303722
0.303775
0.303832
0.303855
0.304035
0.304123
0.30415
0.304264
0.304289
0.304306
0.304324
0.304352
0.304367
0.304494
0.304532
0.30454
0.304631
0.304694
0.304695
0.304762
0.304881
0.304885
0.304943
0.304965
0.30497
0.304987
0.305044
0.305065
0.305065
0.305083
0.305187
0.305197
0.305205
0.305308
0.305311
0.305315
0.305324
0.305387
0.30547
0.305499
0.305554
0.305573
0.305574
0.305576
0.305623
0.305687
0.305701
0.305721
0.305752
0.305782
0.305835
0.305905
0.305931
0.305936
0.305966
0.305988
0.306148
0.306236
0.306274
0.306437
0.306463
0.306503
0.306537
0.306595
0.306612
0.306713
0.30672
0.306728
0.306733
0.306755
0.306814
0.306885
0.306902
0.306951
0.307173
0.307236
0.30724
0.307251
0.30729
0.307317
0.307516
0.307555
0.307582
0.307626
0.307649
0.307678
0.307687
0.307688
0.307693
0.307708
0.307712
0.307863
0.307889
0.307945
0.307955
0.307955
0.307986
0.307994
0.308012
0.308226
0.308236
0.308246
0.308307
0.308445
0.308472
0.308513
0.308533
0.308576
0.308624
0.308669
0.308691
0.308692
0.308729
0.308761
0.308773
0.308779
0.308822
0.308899
0.308919
0.308924
0.308936
0.308938
0.308959
0.309027
0.309038
0.309077
0.30922
0.309223
0.309223
0.309279
0.309421
0.309649
0.309689
0.309769
0.309813
0.30984
0.309959
0.310021
0.310042
0.310067
0.310077
0.310107
0.310161
0.310181
0.310205
0.310252
0.310258
0.310266
0.310329
0.310387
0.310582
0.310634
0.310645
0.310677
0.310718
0.310818
0.311011
0.311015
0.311021
0.311082
0.311105
0.311128
0.311182
0.31125
0.311254
0.311265
0.311274
0.311293
0.311381
0.311404
0.311442
0.311536
0.311617
0.311639
0.31171
0.31186
0.311861
0.311864
0.31187
0.31189
0.311989
0.312011
0.312072
0.312078
0.312104
0.312142
0.312162
0.312262
0.312302
0.312421
0.312455
0.312481
0.312592
0.312625
0.312647
0.312742
0.312839
0.31284
0.312889
0.3129
0.312903
0.312911
0.312938
0.312964
0.312998
0.313059
0.313085
0.313093
0.313162
0.313168
0.313207
0.31321
0.313271
0.313307
0.313317
0.313334
0.313373
0.31339
0.313396
0.313425
0.313465
0.313492
0.313514
0.313531
0.313589
0.313649
0.31367
0.313694
0.313739
0.313843
0.313848
0.313864
0.313882
0.313901
0.313978
0.313986
0.313995
0.314018
0.314023
0.314046
0.314075
0.314081
0.31411
0.314115
0.314139
0.314158
0.314284
0.314285
0.31435
0.314351
0.31437
0.314378
0.314414
0.314523
0.314552
0.314563
0.314585
0.314587
0.314633
0.314641
0.314665
0.314709
0.314828
0.314833
0.314889
0.314982
0.315039
0.315062
0.315112
0.315113
0.315121
0.315225
0.315246
0.315278
0.315279
0.315357
0.315371
0.31545
0.315451
0.315498
0.315553
0.315557
0.315609
0.31564
0.315661
0.315663
0.315689
0.315779
0.315829
0.315853
0.315856
0.315863
0.31587
0.315882
0.315893
0.315895
0.315941
0.315948
0.315966
0.315999
0.316027
0.316036
0.316039
0.316042
0.316112
0.316183
0.316184
0.316296
0.316425
0.316493
0.316565
0.316602
0.316603
0.316635
0.316651
0.316709
0.316747
0.316762
0.316803
0.316896
0.316927
0.31706
0.317148
0.317192
0.317208
0.317287
0.317289
0.317313
0.317337
0.317359
0.31737
0.317422
0.317436
0.317482
0.317556
0.317557
0.317593
0.317702
0.317719
0.317724
0.317751
0.317782
0.317796
0.317819
0.317841
0.317842
0.31792
0.317948
0.317963
0.318008
0.318021
0.318099
0.318121
0.318128
0.318211
0.318271
0.318342
0.318356
0.318374
0.318374
0.318381
0.318413
0.318476
0.318479
0.318489
0.318523
0.318552
0.318613
0.318682
0.31873
0.318736
0.318776
0.3188
0.318838
0.318881
0.318903
0.318916
0.31894
0.318962
0.318975
0.319025
0.319091
0.319125
0.319184
0.31922
0.319236
0.3193
0.319375
0.319376
0.319428
0.31952
0.319593
0.319597
0.319692
0.319952
0.320023
0.320077
0.3201
0.320105
0.320123
0.32013
0.320204
0.320228
0.320277
0.320317
0.320318
0.320367
0.320441
0.320442
0.32047
0.320544
0.320579
0.320651
0.320706
0.320726
0.320735
0.320737
0.320749
0.320791
0.320894
0.320916
0.320916
0.320949
0.320962
0.320962
0.320975
0.320998
0.321008
0.321034
0.321116
0.32114
0.321173
0.321196
0.321199
0.321227
0.321295
0.321299
0.321335
0.321377
0.321389
0.321402
0.321456
0.321484
0.32152
0.321547
0.321577
0.32158
0.321603
0.321625
0.321629
0.321688
0.321728
0.321731
0.321738
0.321787
0.321836
0.321854
0.321875
0.321879
0.322065
0.32208
0.32209
0.322095
0.322111
0.322144
0.322158
0.322223
0.322223
0.322242
0.322244
0.322294
0.322302
0.322304
0.322334
0.322475
0.322489
0.322505
0.322538
0.322586
0.322594
0.322603
0.322611
0.322697
0.322698
0.322793
0.322832
0.322857
0.322865
0.322868
0.322897
0.322912
0.322919
0.322953
0.322961
0.322969
0.322988
0.322992
0.322997
0.323004
0.323035
0.323088
0.3231
0.323108
0.323117
0.323118
0.323192
0.323204
0.323217
0.323237
0.323254
0.323259
0.32349
0.323505
0.323608
0.323711
0.323757
0.323769
0.323777
0.323813
0.323831
0.323972
0.323997
0.324076
0.324235
0.324261
0.324269
0.324283
0.324297
0.324338
0.324344
0.324354
0.324363
0.324508
0.324569
0.324597
0.324639
0.324639
0.324656
0.324676
0.324723
0.324745
0.324766
0.324822
0.324893
0.324938
0.324989
0.325007
0.325059
0.325068
0.325068
0.325077
0.325089
0.325236
0.325269
0.325272
0.32529
0.325327
0.325356
0.325373
0.325374
0.325421
0.325442
0.325452
0.32547
0.325517
0.32555
0.325565
0.325566
0.325588
0.325607
0.325642
0.325659
0.325717
0.325718
0.325788
0.325792
0.325841
0.325856
0.325881
0.325955
0.325965
0.325974
0.326007
0.32606
0.326083
0.326085
0.326087
0.326157
0.326159
0.326161
0.326196
0.326214
0.326224
0.326277
0.326278
0.326284
0.326339
0.326345
0.326355
0.326357
0.326407
0.326418
0.326425
0.326561
0.326565
0.326604
0.326614
0.326637
0.326678
0.326698
0.326715
0.326784
0.326792
0.326797
0.326826
0.326829
0.326852
0.326879
0.32688
0.32694
0.327053
0.327179
0.327191
0.327219
0.327236
0.327282
0.327296
0.327302
0.327315
0.327326
0.327335
0.327338
0.327406
0.327407
0.327408
0.327435
0.327491
0.327521
0.327531
0.327553
0.327571
0.327572
0.327583
0.327742
0.327753
0.327777
0.327804
0.327815
0.327841
0.327886
0.32789
0.327891
0.327896
0.327918
0.327922
0.327933
0.327976
0.32798
0.327994
0.32809
0.328128
0.328276
0.328295
0.328297
0.328298
0.3283
0.32832
0.328333
0.328335
0.328358
0.328394
0.328415
0.328467
0.328502
0.32852
0.328562
0.328567
0.328579
0.328617
0.328619
0.32864
0.328649
0.32867
0.328687
0.328713
0.328794
0.328805
0.328812
0.328818
0.328862
0.328886
0.328904
0.328911
0.32893
0.328978
0.329007
0.32904
0.329063
0.329085
0.329129
0.329159
0.329194
0.329231
0.329251
0.329327
0.32936
0.329365
0.329367
0.329391
0.329507
0.329526
0.329546
0.329561
0.329572
0.329578
0.329592
0.329627
0.329709
0.32975
0.329816
0.329834
0.329842
0.329918
0.329942
0.329951
0.329965
0.33003
0.330044
0.33012
0.330143
0.330145
0.330148
0.330169
0.330174
0.330175
0.330214
0.330224
0.330255
0.330273
0.33029
0.330296
0.330313
0.330358
0.330359
0.330369
0.330373
0.330383
0.33039
0.330398
0.330402
0.330493
0.330631
0.330699
0.330722
0.330741
0.330754
0.330792
0.330795
0.330798
0.33081
0.330813
0.330851
0.33088
0.330973
0.330977
0.330997
0.331047
0.331097
0.331097
0.331133
0.331209
0.331223
0.331258
0.331295
0.331312
0.331405
0.331425
0.331445
0.331456
0.33146
0.33147
0.331484
0.331491
0.3315
0.331512
0.331552
0.331568
0.331581
0.331607
0.33165
0.331696
0.331768
0.331772
0.331773
0.331784
0.331786
0.331819
0.331853
0.331859
0.331883
0.331929
0.331933
0.331934
0.331937
0.331977
0.332008
0.332027
0.332066
0.332097
0.332122
0.332159
0.33217
0.332174
0.332177
0.332189
0.332196
0.332203
0.332206
0.332212
0.332216
0.332217
0.332278
0.332281
0.332286
0.332334
0.332337
0.332351
0.332375
0.332404
0.332415
0.332447
0.332473
0.332476
0.332494
0.332512
0.332518
0.332573
0.332578
0.332591
0.332618
0.332633
0.332735
0.33275
0.332765
0.332811
0.332833
0.332876
0.332888
0.332968
0.332972
0.332981
0.332984
0.332989
0.333016
0.333017
0.333047
0.333069
0.333111
0.333129
0.333134
0.333143
0.333157
0.33316
0.33321
0.33331
0.333325
0.333389
0.333389
0.333407
0.333424
0.333444
0.333448
0.333449
0.333451
0.333478
0.333488
0.33352
0.333521
0.33355
0.333553
0.333559
0.333578
0.333671
0.33368
0.333703
0.333704
0.33371
0.333723
0.333727
0.333728
0.333742
0.333772
0.33378
0.33384
0.333849
0.333882
0.33392
0.333939
0.333951
0.333954
0.33396
0.334045
0.334061
0.334072
0.334088
0.334166
0.334198
0.334207
0.334212
0.334223
0.334243
0.334245
0.334259
0.334263
0.33428
0.334286
0.334321
0.334339
0.334344
0.33441
0.334429
0.334495
0.334495
0.334502
0.334511
0.334514
0.334593
0.334623
0.334677
0.334681
0.334745
0.33475
0.334756
0.334757
0.334778
0.334779
0.334815
0.334839
0.334859
0.334884
0.334901
0.334909
0.334914
0.334978
0.334982
0.334988
0.335032
0.335034
0.335078
0.335119
0.335131
0.335154
0.335185
0.335193
0.335255
0.335288
0.335309
0.335314
0.335337
0.335391
0.335436
0.335443
0.335444
0.335464
0.335551
0.335561
0.335619
0.335636
0.335645
0.335664
0.33571
0.335715
0.335746
0.335751
0.335774
0.335778
0.335789
0.335797
0.335807
0.335812
0.335885
0.335889
0.335923
0.335928
0.335934
0.335936
0.335956
0.335957
0.335962
0.335964
0.335978
0.335987
0.336038
0.33604
0.336042
0.336097
0.336151
0.336166
0.336172
0.336185
0.336235
0.336269
0.336273
0.336299
0.3363
0.336318
0.336334
0.336363
0.336372
0.336381
0.336385
0.336396
0.336403
0.336428
0.336435
0.336456
0.33647
0.336487
0.336507
0.336511
0.336511
0.336511
0.336567
0.336569
0.336593
0.336597
0.336627
0.33668
0.336704
0.33672
0.336754
0.336767
0.33677
0.33679
0.336795
0.336807
0.336824
0.336831
0.336839
0.336865
0.336923
0.33693
0.336971
0.336984
0.337002
0.337022
0.337057
0.337106
0.33713
0.337169
0.33717
0.337184
0.337205
0.337231
0.337238
0.337256
0.337303
0.337304
0.337349
0.33739
0.337415
0.337439
0.337444
0.33747
0.337492
0.337492
0.3375
0.33751
0.337536
0.337605
0.337625
0.337629
0.337632
0.337652
0.337742
0.337746
0.337751
0.337754
0.337755
0.337769
0.337772
0.337774
0.337784
0.337795
0.337796
0.337838
0.337901
0.337941
0.337943
0.337972
0.337978
0.337985
0.337986
0.337988
0.338001
0.338022
0.338068
0.33808
0.33812
0.338121
0.338127
0.338142
0.3382
0.338273
0.338273
0.338278
0.338295
0.338331
0.338335
0.338335
0.338357
0.338395
0.3384
0.338428
0.338442
0.338476
0.338477
0.338479
0.33849
0.338497
0.338507
0.338521
0.338529
0.33854
0.338543
0.338609
0.33869
0.33869
0.338694
0.338698
0.338714
0.338721
0.338759
0.338792
0.338796
0.33885
0.338851
0.338877
0.338878
0.338883
0.338911
0.338915
0.338921
0.338944
0.338947
0.33895
0.338956
0.338965
0.338993
0.339012
0.33902
0.339048
0.339077
0.339091
0.339094
0.33911
0.339121
0.339131
0.339141
0.339153
0.339153
0.339167
0.339168
0.339172
0.339181
0.339182
0.339194
0.339202
0.339203
0.339204
0.339221
0.339223
0.339225
0.339225
0.33924
0.339273
0.339278
0.33928
0.339286
0.339288
0.339297
0.339309
0.339313
0.339347
0.339355
0.339367
0.339374
0.339377
0.339379
0.339381
0.339403
0.339411
0.339423
0.339424
0.33944
0.339448
0.339461
0.339464
0.339467
0.33949
0.339491
0.339491
0.3395
0.339509
0.339515
0.33952
0.339524
0.339525
0.339526
0.339541
0.339555
0.339573
0.339574
0.339622
0.339624
0.339652
0.33966
0.339667
0.339673
0.339707
0.339708
0.339716
0.339722
0.339727
0.33973
0.339735
0.339747
0.339747
0.33975
0.339783
0.3398
0.339805
0.339805
0.339816
0.339825
0.339828
0.339855
0.339883
0.339901
0.339911
0.339917
0.339949
0.339949
0.339986
0.33999
0.339999
0.340002
0.340003
0.340011
0.340015
0.340016
0.340018
0.340031
0.34004
0.340048
0.340054
0.340054
0.340085
0.340085
0.340096
0.340102
0.340103
0.340127
0.34013
0.340132
0.340134
0.340145
0.340151
0.340158
0.340167
0.34019
0.340207
0.340219
0.340237
0.340239
0.34024
0.340247
0.340268
0.340276
0.340289
0.340291
0.340303
0.340304
0.340329
0.34035
0.340351
0.340358
0.340364
0.340375
0.340378
0.340385
0.340389
0.340395
0.340396
0.340406
0.340409
0.340415
0.340417
0.340418
0.34042
0.340424
0.34043
0.34043
0.340431
0.340464
0.340478
0.340482
0.340505
0.340528
0.340533
0.340547
0.340555
0.340567
0.340598
0.34061
0.340634
0.340639
0.340643
0.340645
0.340661
0.340675
0.340683
0.340702
0.340706
0.340718
0.340725
0.340731
0.340732
0.340734
0.340739
0.34075
0.340758
0.340763
0.340773
0.340774
0.340781
0.340796
0.340804
0.340813
0.340829
0.340833
0.340836
0.340859
0.340863
0.340885
0.340896
0.340901
0.340909
0.340914
0.340915
0.340916
0.34092
0.340928
0.340934
0.340954
0.340971
0.340971
0.340976
0.340986
0.34099
0.340992
0.340992
0.341017
0.341021
0.341024
0.341028
0.341033
0.341036
0.34105
0.341063
0.341064
0.341064
0.341081
0.341082
0.341083
0.341091
0.341104
0.34111
0.34111
0.341112
0.341133
0.341137
0.341139
0.341172
0.341177
0.341179
0.341179
0.341182
0.341187
0.341191
0.341214
0.341216
0.341219
0.341229
0.34124
0.341248
0.341249
0.341258
0.341263
0.341264
0.341268
0.341271
0.341273
0.341279
0.341285
0.341285
0.341317
0.341332
0.341333
0.34134
0.341351
0.341354
0.341355
0.341361
0.341364
0.341369
0.341373
0.341373
0.341374
0.341391
0.341395
0.341401
0.341406
0.341414
0.341414
0.341416
0.341417
0.341436
0.34144
0.341457
0.34146
0.341469
0.341486
0.34149
0.341494
0.341497
0.341501
0.341505
0.341508
0.341513
0.341514
0.341516
0.341542
0.341548
0.341561
0.341561
0.341563
0.341567
0.341567
0.341574
0.341577
0.341578
0.341582
0.341584
0.341589
0.341592
0.341599
0.341602
0.341604
0.341605
0.34162
0.341621
0.341628
0.341632
0.341638
0.341641
0.341643
0.341649
0.341653
0.341656
0.341656
0.341659
0.341661
0.341661
0.341667
0.341667
0.341668
0.341671
0.34168
0.341685
0.341693
0.341694
0.341696
0.341698
0.341699
0.341699
0.341702
0.341712
0.341714
0.341714
0.341718
0.341722
0.341722
0.341736
0.341736
0.341737
0.341744
0.341768
0.34177
0.34177
0.341774
0.341774
0.341776
0.341779
0.341781
0.341782
0.341783
0.341788
0.341791
0.341791
0.341796
0.341798
0.341802
0.341802
0.341804
0.341805
0.341808
0.341813
0.341815
0.341818
0.341818
0.34182
0.341823
0.341824
0.341829
0.341829
0.34183
0.341834
0.341836
0.341839
0.341845
0.341846
0.341847
0.341848
0.341854
0.341854
0.341857
0.341857
0.34186
0.341862
0.341863
0.341863
0.341865
0.341865
0.341869
0.341871
0.341874
0.341884
0.341886
0.341888
0.341889
0.341889
0.341896
0.341898
0.3419
0.3419
0.341902
0.341904
0.341906
0.341907
0.341913
0.341913
0.341913
0.341915
0.341915
0.341916
0.341917
0.341917
0.34192
0.341922
0.341922
0.341923
0.341924
0.341924
0.341925
0.341926
0.341926
0.341927
0.341927
0.341928
0.341929
0.34193
0.341931
0.341932
0.341933
0.341934
0.341938
0.341939
0.34194
0.341941
0.341941
0.341942
0.341943
0.341946
0.341947
0.341948
0.341949
0.34195
0.34195
0.341951
0.341951
0.341953
0.341953
0.341954
0.341956
0.341956
0.341956
0.341957
0.341958
0.341958
0.341958
0.34196
0.34196
0.34196
0.34196
0.34196
0.34196
0.341961
0.341961
0.341961
0.341961
0.341961
0.341961
0.34196
0.341959
0.341959
0.341959
0.341959
0.341958
0.341956
0.341956
0.341956
0.341956
0.341955
0.341954
0.341953
0.341951
0.34195
0.34195
0.341949
0.341949
0.341946
0.341946
0.341945
0.341942
0.341942
0.341941
0.341938
0.341937
0.341936
0.341935
0.341935
0.341935
0.341934
0.341934
0.341934
0.341932
0.341932
0.341932
0.341929
0.341927
0.341924
0.341922
0.341922
0.341921
0.341921
0.34192
0.341919
0.341917
0.341917
0.341912
0.341909
0.341909
0.341903
0.3419
0.341897
0.341895
0.341891
0.341885
0.341882
0.34188
0.341872
0.341872
0.341871
0.341865
0.341863
0.341861
0.341858
0.341856
0.341855
0.341852
0.341852
0.341848
0.341847
0.341843
0.34184
0.341839
0.341835
0.341828
0.341827
0.341825
0.341819
0.341816
0.341814
0.341813
0.341811
0.341808
0.341808
0.341805
0.341805
0.341804
0.341803
0.3418
0.341798
0.341797
0.341797
0.341795
0.341795
0.341792
0.341791
0.341788
0.341787
0.341784
0.341783
0.34178
0.34178
0.341775
0.341772
0.341772
0.341769
0.341768
0.341767
0.341763
0.341763
0.34176
0.341754
0.341753
0.341749
0.341748
0.341747
0.341742
0.341735
0.341731
0.341729
0.341724
0.341724
0.34172
0.341718
0.341716
0.341713
0.341711
0.341702
0.34169
0.341683
0.341673
0.341669
0.341668
0.341665
0.341663
0.341663
0.341661
0.341655
0.341655
0.341654
0.34165
0.341648
0.341645
0.341642
0.341636
0.341624
0.341621
0.341616
0.341616
0.341612
0.341608
0.3416
0.341586
0.341581
0.341577
0.341575
0.341561
0.341556
0.341553
0.341551
0.341547
0.341535
0.341531
0.341518
0.341513
0.341511
0.341509
0.341506
0.341506
0.341503
0.341495
0.341477
0.341471
0.341462
0.34145
0.341433
0.341428
0.34142
0.341416
0.341414
0.341411
0.341404
0.341401
0.341388
0.341385
0.341377
0.341377
0.341376
0.341371
0.341367
0.341362
0.341358
0.341354
0.341351
0.341349
0.341341
0.341339
0.341336
0.341334
0.341325
0.341321
0.341319
0.341313
0.341311
0.341309
0.341298
0.34129
0.341279
0.341277
0.341272
0.341262
0.341255
0.341255
0.341254
0.341241
0.341222
0.341221
0.341215
0.341202
0.341196
0.341176
0.34117
0.341165
0.341155
0.341152
0.341152
0.341122
0.341099
0.341081
0.341076
0.341076
0.341074
0.341073
0.34107
0.341039
0.341033
0.341024
0.341023
0.341019
0.341015
0.341009
0.341
0.340991
0.340989
0.340988
0.340978
0.340969
0.340969
0.34096
0.340952
0.340948
0.340939
0.340934
0.340922
0.340922
0.340917
0.340916
0.340915
0.340905
0.3409
0.340895
0.340893
0.340887
0.340849
0.340838
0.340837
0.340811
0.340809
0.340803
0.340802
0.340794
0.340791
0.340783
0.340767
0.340766
0.340756
0.340746
0.340734
0.340713
0.340705
0.340702
0.340698
0.340698
0.340687
0.340686
0.340648
0.340643
0.340623
0.340612
0.340589
0.340585
0.340577
0.340571
0.340569
0.340569
0.340557
0.340549
0.340544
0.340526
0.340513
0.340495
0.340485
0.340485
0.34048
0.340476
0.340452
0.340451
0.340448
0.340448
0.340443
0.340432
0.340431
0.340417
0.340416
0.340393
0.340389
0.34038
0.340337
0.340333
0.340331
0.340329
0.340324
0.340314
0.340309
0.340288
0.340281
0.340274
0.340273
0.340264
0.340261
0.340243
0.340238
0.340235
0.340175
0.340173
0.340162
0.340156
0.340136
0.340123
0.340099
0.340096
0.340089
0.34006
0.340059
0.340057
0.340039
0.340033
0.340032
0.340029
0.340016
0.340012
0.339996
0.339981
0.339979
0.339955
0.33995
0.339944
0.339941
0.339937
0.339917
0.339909
0.339908
0.339907
0.339891
0.339881
0.339877
0.339873
0.339872
0.339868
0.339868
0.339867
0.33985
0.339849
0.339845
0.33983
0.339822
0.339818
0.339812
0.33981
0.339808
0.339792
0.339787
0.339782
0.339747
0.339743
0.339726
0.339717
0.339709
0.3397
0.339698
0.339697
0.339678
0.339675
0.339671
0.339668
0.339668
0.33966
0.339647
0.339641
0.339627
0.339624
0.339619
0.339594
0.339588
0.339566
0.339558
0.339548
0.339536
0.339528
0.339511
0.339504
0.339495
0.339474
0.339454
0.339449
0.339432
0.339421
0.339407
0.339386
0.339377
0.339376
0.339357
0.33934
0.339328
0.339321
0.339308
0.339307
0.339296
0.339293
0.339285
0.339271
0.33926
0.339238
0.339237
0.3392
0.33919
0.339186
0.339172
0.339166
0.339151
0.339149
0.339137
0.339134
0.339129
0.339123
0.339115
0.339105
0.339092
0.339053
0.339005
0.339005
0.338998
0.338959
0.338927
0.338919
0.338909
0.338904
0.338884
0.338865
0.338863
0.338848
0.338818
0.338787
0.338783
0.338782
0.338749
0.338746
0.338742
0.338723
0.338714
0.3387
0.338654
0.338652
0.33864
0.338635
0.338634
0.338625
0.338602
0.338573
0.338563
0.338559
0.338559
0.338529
0.338525
0.338521
0.338511
0.33847
0.338405
0.338403
0.338386
0.338345
0.338344
0.338335
0.338324
0.338319
0.338318
0.338314
0.338296
0.338243
0.338227
0.338195
0.338175
0.338171
0.338162
0.338162
0.33816
0.338146
0.338133
0.33813
0.338124
0.338097
0.338081
0.338079
0.33807
0.338069
0.338067
0.338061
0.338026
0.338005
0.337958
0.337939
0.337928
0.337927
0.337921
0.33792
0.337919
0.337907
0.337882
0.337882
0.337859
0.337837
0.337815
0.337792
0.337753
0.337747
0.337743
0.337729
0.337698
0.337686
0.337653
0.337638
0.337622
0.337598
0.337575
0.337563
0.337517
0.337516
0.3375
0.337447
0.337424
0.337419
0.337419
0.337413
0.337402
0.3374
0.337348
0.337334
0.337279
0.337248
0.337232
0.337225
0.33722
0.337207
0.337163
0.337136
0.337136
0.337136
0.337132
0.337109
0.337105
0.337098
0.337091
0.337089
0.337089
0.337088
0.337088
0.337087
0.337065
0.337034
0.337015
0.337015
0.337008
0.336979
0.336957
0.336941
0.336927
0.336894
0.33689
0.336882
0.336882
0.33688
0.336848
0.336795
0.336779
0.336746
0.336745
0.336743
0.33674
0.33666
0.336649
0.336634
0.336626
0.336594
0.336591
0.33659
0.336584
0.336568
0.33656
0.336553
0.336526
0.336513
0.336511
0.336505
0.33645
0.336411
0.336379
0.336379
0.336335
0.336303
0.336298
0.336277
0.336263
0.336259
0.336236
0.336235
0.336214
0.336201
0.336198
0.336175
0.336175
0.336172
0.336157
0.336136
0.336128
0.336094
0.336092
0.336089
0.336087
0.336059
0.335982
0.335972
0.335942
0.335925
0.33592
0.335894
0.335881
0.335863
0.335826
0.335821
0.335775
0.335772
0.335755
0.335755
0.335677
0.33563
0.335615
0.335556
0.335551
0.335544
0.335527
0.335525
0.335492
0.335447
0.335435
0.335416
0.335339
0.335335
0.335328
0.335307
0.335296
0.33526
0.335246
0.335212
0.33519
0.335189
0.335147
0.335146
0.335138
0.335132
0.335129
0.335128
0.335077
0.335058
0.335033
0.335023
0.335009
0.334984
0.334967
0.334954
0.334947
0.334923
0.33491
0.334897
0.334883
0.334837
0.334824
0.334807
0.334803
0.334757
0.334653
0.334653
0.334631
0.334606
0.334606
0.334601
0.334582
0.33456
0.334511
0.334508
0.334496
0.33447
0.334452
0.334445
0.334433
0.334429
0.334425
0.334379
0.334377
0.334369
0.334293
0.334288
0.334261
0.334254
0.334239
0.334235
0.334233
0.334218
0.334097
0.334082
0.334075
0.334019
0.334011
0.334006
0.333976
0.333939
0.333925
0.333895
0.333853
0.333827
0.333811
0.333795
0.333793
0.333717
0.333702
0.333694
0.333691
0.333676
0.333588
0.33358
0.333578
0.333546
0.333528
0.333527
0.33351
0.333503
0.333405
0.333402
0.333383
0.333362
0.333319
0.333307
0.333307
0.33328
0.333277
0.333262
0.333233
0.333164
0.333155
0.333121
0.333121
0.333109
0.333108
0.333095
0.333053
0.333038
0.333032
0.333025
0.333023
0.332996
0.332972
0.332931
0.332902
0.332873
0.332778
0.332773
0.332761
0.33271
0.332692
0.332667
0.33258
0.332575
0.332564
0.332525
0.332492
0.332456
0.332435
0.332426
0.332425
0.3324
0.332386
0.332366
0.332346
0.332338
0.332319
0.332319
0.332318
0.332317
0.332313
0.33228
0.332234
0.332076
0.332014
0.33201
0.332009
0.332005
0.331985
0.331942
0.331869
0.331789
0.331772
0.331747
0.331731
0.331719
0.331707
0.331704
0.331704
0.331687
0.331652
0.331651
0.331591
0.331569
0.331534
0.331515
0.331508
0.331496
0.331458
0.331424
0.331415
0.331381
0.331309
0.331223
0.331221
0.331196
0.331193
0.331179
0.331164
0.331162
0.331127
0.331108
0.331097
0.33106
0.33104
0.331028
0.331019
0.331009
0.33097
0.330935
0.330932
0.330895
0.330855
0.330814
0.330796
0.330791
0.330778
0.330729
0.330721
0.330706
0.330691
0.330679
0.330671
0.330666
0.330629
0.330619
0.330618
0.330579
0.330569
0.330518
0.330496
0.330496
0.330455
0.330431
0.330371
0.33034
0.330338
0.330332
0.330331
0.330323
0.33031
0.330289
0.330274
0.330271
0.330246
0.330196
0.330172
0.330152
0.330122
0.330103
0.330063
0.330047
0.329979
0.329979
0.329968
0.32994
0.329929
0.329911
0.329904
0.329886
0.32985
0.329829
0.329769
0.329769
0.329742
0.329675
0.329674
0.32967
0.329623
0.32961
0.329595
0.329593
0.32959
0.32957
0.329555
0.329534
0.329509
0.329479
0.329417
0.329398
0.329377
0.329333
0.329327
0.329317
0.329309
0.329277
0.329245
0.329235
0.329187
0.329162
0.329138
0.329103
0.329079
0.328963
0.328959
0.328872
0.328823
0.32879
0.328762
0.328651
0.328644
0.328641
0.328633
0.328559
0.328545
0.328514
0.328476
0.328447
0.328444
0.328428
0.328403
0.328313
0.328291
0.328247
0.328243
0.328193
0.328167
0.328162
0.328145
0.327999
0.327948
0.327948
0.32793
0.327917
0.327908
0.327881
0.327852
0.327832
0.327819
0.327804
0.327783
0.327777
0.327687
0.327683
0.327678
0.327664
0.327616
0.327606
0.32755
0.327517
0.327456
0.327454
0.32744
0.327429
0.327404
0.32736
0.32734
0.327308
0.327255
0.327241
0.327241
0.327153
0.327128
0.327093
0.327076
0.327007
0.326991
0.326974
0.326962
0.326928
0.32679
0.326786
0.326779
0.326766
0.326764
0.3267
0.326674
0.326664
0.326653
0.326642
0.326631
0.326622
0.326593
0.326559
0.326537
0.326518
0.326517
0.326452
0.326418
0.326408
0.326344
0.326313
0.326245
0.326208
0.326179
0.326136
0.326016
0.326011
0.325989
0.325967
0.325914
0.325802
0.325757
0.325705
0.325692
0.325686
0.325686
0.325646
0.325629
0.325602
0.325507
0.325485
0.325453
0.325414
0.325345
0.32533
0.325275
0.325233
0.325227
0.325217
0.325143
0.325075
0.325062
0.325058
0.325051
0.325046
0.325026
0.325002
0.324986
0.324973
0.324952
0.324912
0.324826
0.324822
0.324817
0.324781
0.324777
0.324759
0.324747
0.324685
0.324533
0.324527
0.324514
0.324476
0.324473
0.32445
0.324412
0.324328
0.324325
0.324317
0.324284
0.324283
0.324272
0.32425
0.324244
0.324185
0.32416
0.32401
0.324005
0.323986
0.323933
0.32391
0.323741
0.323696
0.323669
0.32365
0.323619
0.323546
0.323508
0.323503
0.323419
0.323401
0.323363
0.323354
0.323194
0.323176
0.32313
0.323093
0.32309
0.322975
0.322927
0.322914
0.322893
0.322841
0.322726
0.322713
0.322705
0.322677
0.322651
0.32262
0.322569
0.322534
0.322526
0.322475
0.322451
0.322436
0.322424
0.32241
0.322387
0.322355
0.322312
0.322305
0.322295
0.322289
0.322274
0.322215
0.322214
0.322209
0.3222
0.322193
0.322144
0.322123
0.322022
0.321993
0.321946
0.321928
0.321773
0.321761
0.321747
0.321744
0.321706
0.321653
0.321585
0.321536
0.321531
0.321518
0.321511
0.321493
0.321492
0.321394
0.321379
0.321365
0.321364
0.32136
0.321232
0.321147
0.321117
0.321077
0.321055
0.321023
0.320987
0.320974
0.320955
0.320887
0.320812
0.320761
0.320712
0.320711
0.320445
0.320407
0.320383
0.320356
0.32035
0.320275
0.320265
0.320232
0.320223
0.320175
0.320173
0.320152
0.320145
0.32014
0.320055
0.320025
0.319964
0.319935
0.319912
0.319848
0.319829
0.319761
0.31976
0.319733
0.319658
0.319557
0.319535
0.319522
0.319513
0.31946
0.319453
0.319445
0.319422
0.319407
0.319405
0.319393
0.319318
0.319318
0.319265
0.319174
0.319031
0.319025
0.318998
0.318918
0.318866
0.318753
0.318725
0.318701
0.318593
0.318544
0.318542
0.31853
0.318504
0.318456
0.318442
0.318391
0.318386
0.318363
0.318345
0.318321
0.318305
0.318297
0.318284
0.318267
0.318264
0.318236
0.318218
0.318132
0.318128
0.318124
0.318116
0.31811
0.318092
0.317916
0.31791
0.317853
0.317853
0.317836
0.317813
0.317717
0.317713
0.317675
0.317649
0.317605
0.317582
0.31755
0.317541
0.317509
0.317486
0.317435
0.317384
0.317331
0.317287
0.317254
0.31724
0.317227
0.317226
0.317215
0.31717
0.317013
0.317008
0.316982
0.316954
0.316905
0.316865
0.316791
0.316776
0.316751
0.316728
0.31672
0.316707
0.316696
0.316669
0.316624
0.316623
0.316527
0.316522
0.316519
0.316483
0.316466
0.316433
0.316338
0.316331
0.31633
0.31631
0.316287
0.316262
0.316212
0.316187
0.316184
0.316157
0.316131
0.316129
0.31603
0.316026
0.316021
0.315979
0.315974
0.31592
0.315906
0.315856
0.315836
0.315822
0.31582
0.315808
0.315807
0.315789
0.315773
0.315755
0.315726
0.315706
0.31569
0.315677
0.315668
0.315598
0.315592
0.315583
0.315447
0.315391
0.315388
0.315303
0.315285
0.315266
0.315233
0.315219
0.3152
0.315159
0.315157
0.315147
0.315112
0.315104
0.315093
0.315084
0.314984
0.314974
0.31492
0.31491
0.314897
0.314885
0.31472
0.314719
0.314698
0.314685
0.314663
0.314655
0.314561
0.314517
0.314492
0.314461
0.314407
0.314391
0.314386
0.314385
0.314333
0.314318
0.314308
0.314286
0.314283
0.314271
0.314194
0.314181
0.314142
0.314099
0.314098
0.314066
0.314009
0.313996
0.313984
0.313977
0.313968
0.313966
0.313947
0.313942
0.313941
0.313892
0.313877
0.313841
0.313753
0.313718
0.313643
0.313627
0.313621
0.313565
0.313555
0.313544
0.31354
0.313507
0.313504
0.313483
0.31347
0.313469
0.31341
0.313384
0.313351
0.313328
0.313294
0.313266
0.313099
0.312979
0.312975
0.312945
0.312915
0.312856
0.312856
0.312824
0.312751
0.31267
0.312642
0.312628
0.312612
0.312571
0.312472
0.31244
0.31241
0.312393
0.312363
0.312317
0.31217
0.312151
0.312142
0.312081
0.311847
0.311808
0.311804
0.311756
0.31172
0.311713
0.311682
0.31168
0.31167
0.311603
0.311538
0.311534
0.311494
0.311471
0.311457
0.311418
0.311391
0.311384
0.311299
0.311272
0.311252
0.311192
0.311038
0.310994
0.310969
0.31093
0.310908
0.310795
0.310781
0.31076
0.31075
0.310728
0.31071
0.310626
0.310578
0.310544
0.3105
0.310449
0.310437
0.310432
0.310426
0.310403
0.310352
0.310236
0.310128
0.310128
0.310108
0.310099
0.310095
0.310046
0.310044
0.309971
0.309943
0.309943
0.309863
0.309817
0.30972
0.309712
0.30964
0.309612
0.309528
0.309489
0.309465
0.309465
0.309454
0.30943
0.30917
0.309149
0.309135
0.309085
0.309073
0.309035
0.308977
0.308862
0.308827
0.308801
0.308775
0.308767
0.308762
0.308685
0.30864
0.308639
0.308638
0.308568
0.308505
0.308489
0.308483
0.308448
0.308317
0.308286
0.308262
0.308252
0.30821
0.308072
0.30805
0.308048
0.308036
0.307971
0.307961
0.307863
0.307743
0.307667
0.307602
0.307563
0.307515
0.307484
0.307448
0.307443
0.307406
0.307324
0.307289
0.307288
0.307201
0.307195
0.307059
0.307018
0.306978
0.306963
0.306925
0.306868
0.306848
0.306787
0.306755
0.30674
0.306734
0.306671
0.306634
0.306597
0.306587
0.306528
0.306498
0.306465
0.306446
0.306234
0.306174
0.306147
0.306127
0.306126
0.306106
0.306104
0.306056
0.306043
0.305992
0.305981
0.305962
0.305911
0.305866
0.305836
0.3058
0.305712
0.305641
0.305498
0.305403
0.305376
0.305334
0.305314
0.305294
0.305292
0.305267
0.305165
0.305147
0.305084
0.305074
0.305014
0.305007
0.304987
0.304981
0.304957
0.304941
0.304885
0.304855
0.304809
0.304785
0.304774
0.304687
0.304608
0.304563
0.304534
0.304524
0.304429
0.304426
0.304354
0.304298
0.304289
0.304136
0.304112
0.304053
0.30399
0.303965
0.303727
0.303696
0.30367
0.303661
0.303642
0.303631
0.303602
0.303572
0.303498
0.303498
0.303463
0.303311
0.303271
0.303246
0.303237
0.303222
0.303147
0.303077
0.303023
0.302997
0.302898
0.302789
0.30278
0.302724
0.302711
0.302438
0.302325
0.302297
0.302279
0.302208
0.302118
0.302113
0.302113
0.302108
0.302041
0.302002
0.302002
0.301881
0.30188
0.30188
0.301875
0.301799
0.301722
0.301706
0.301605
0.301591
0.301566
0.301538
0.301489
0.301471
0.301402
0.301342
0.301331
0.301305
0.301185
0.301164
0.301089
0.301054
0.301011
0.300994
0.300918
0.300893
0.300863
0.300801
0.300747
0.300746
0.300744
0.300696
0.300661
0.300629
0.30059
0.30055
0.30053
0.300314
0.300308
0.300301
0.30028
0.300236
0.300193
0.300185
0.300011
0.300001
0.299922
0.299852
0.299831
0.299636
0.299589
0.299561
0.299552
0.299495
0.299495
0.299472
0.299428
0.299208
0.2992
0.299147
0.298996
0.298984
0.298922
0.298879
0.298866
0.298842
0.298627
0.298598
0.298447
0.298404
0.298393
0.298345
0.298313
0.29821
0.298167
0.298099
0.298084
0.298046
0.298035
0.298006
0.29798
0.297821
0.297754
0.297748
0.297631
0.297623
0.29761
0.297575
0.297467
0.297356
0.297332
0.297268
0.297159
0.29706
0.296991
0.296837
0.296787
0.296779
0.296614
0.29661
0.296606
0.296552
0.296483
0.296481
0.296457
0.29637
0.296357
0.296335
0.296308
0.296281
0.296051
0.296045
0.296004
0.295998
0.295963
0.295933
0.295927
0.295876
0.295739
0.295632
0.295617
0.295597
0.295592
0.295521
0.295509
0.295405
0.295312
0.295305
0.295304
0.295242
0.295213
0.295212
0.295167
0.295157
0.295155
0.295125
0.295118
0.294915
0.294913
0.294811
0.294777
0.294757
0.294752
0.294719
0.294677
0.29466
0.294574
0.294446
0.294365
0.294178
0.294141
0.293994
0.293981
0.293901
0.293874
0.293808
0.293791
0.293644
0.293478
0.293468
0.293263
0.293226
0.293168
0.292955
0.292937
0.292925
0.292913
0.292817
0.292801
0.2928
0.292698
0.292691
0.292633
0.292632
0.292607
0.292602
0.292532
0.292502
0.29248
0.292331
0.292325
0.2923
0.292194
0.292111
0.292074
0.292063
0.291878
0.291877
0.291725
0.291641
0.291619
0.291588
0.29149
0.291466
0.291442
0.291329
0.291269
0.291264
0.291243
0.29124
0.291199
0.291183
0.291162
0.29107
0.291043
0.291038
0.291
0.290999
0.290919
0.290839
0.290699
0.290533
0.29048
0.290413
0.290394
0.290369
0.290285
0.290255
0.290231
0.290142
0.290126
0.290101
0.290097
0.290092
0.290068
0.289948
0.289911
0.289857
0.289666
0.289636
0.289618
0.289588
0.289563
0.289553
0.289547
0.289496
0.289462
0.289448
0.28944
0.289304
0.289303
0.289301
0.28924
0.289158
0.289115
0.289102
0.289097
0.28907
0.289061
0.289004
0.288965
0.288831
0.288795
0.288753
0.288583
0.28849
0.288342
0.288335
0.288334
0.288316
0.288277
0.288273
0.288167
0.28793
0.287785
0.287738
0.287525
0.287465
0.287234
0.287152
0.287152
0.28714
0.287107
0.287089
0.286969
0.286935
0.286845
0.286838
0.28682
0.286713
0.286698
0.286565
0.286517
0.286492
0.286474
0.286461
0.286385
0.286364
0.286245
0.286243
0.286207
0.286204
0.286154
0.286141
0.286107
0.286076
0.286036
0.285936
0.285864
0.285786
0.285678
0.285482
0.285472
0.285466
0.285372
0.285272
0.285054
0.285016
0.28486
0.284792
0.284788
0.284724
0.28468
0.284649
0.284642
0.284632
0.284592
0.284439
0.284436
0.284422
0.284417
0.284413
0.284345
0.284339
0.284261
0.284204
0.284201
0.284177
0.284034
0.283992
0.283907
0.283857
0.283819
0.283794
0.283764
0.283751
0.283685
0.283556
0.283543
0.28345
0.283338
0.283141
0.283132
0.282977
0.282859
0.282815
0.282785
0.282765
0.282737
0.282737
0.282712
0.282654
0.282525
0.282514
0.282474
0.282427
0.282397
0.282369
0.282241
0.282189
0.282056
0.281885
0.28164
0.281609
0.281549
0.281536
0.28153
0.281519
0.281518
0.281486
0.281312
0.281127
0.281103
0.281091
0.280978
0.28077
0.280733
0.280424
0.280395
0.280319
0.280311
0.280263
0.280055
0.280054
0.280039
0.279911
0.279844
0.279836
0.279713
0.279583
0.279571
0.279552
0.279488
0.279411
0.279405
0.279124
0.279106
0.279072
0.278907
0.278899
0.278723
0.278634
0.278596
0.278559
0.27855
0.278504
0.278315
0.278171
0.278143
0.278139
0.278081
0.277994
0.277895
0.277889
0.277826
0.277763
0.277709
0.277704
0.277655
0.277613
0.277566
0.277473
0.277459
0.27741
0.277407
0.277398
0.277369
0.277368
0.277366
0.277261
0.277131
0.277088
0.27704
0.276909
0.276901
0.27678
0.276735
0.276668
0.276605
0.276519
0.276477
0.27646
0.276256
0.276209
0.276194
0.275997
0.275979
0.275933
0.275886
0.275833
0.275737
0.275719
0.275695
0.275662
0.275623
0.27562
0.275585
0.275511
0.275496
0.275461
0.275456
0.275382
0.275307
0.27526
0.275141
0.275055
0.275041
0.275013
0.274966
0.274899
0.27488
0.27485
0.274805
0.274735
0.274665
0.274627
0.274621
0.274229
0.274182
0.274151
0.274087
0.274024
0.273895
0.273864
0.273804
0.273759
0.273753
0.273742
0.273669
0.27354
0.273464
0.27332
0.273244
0.273219
0.273083
0.273066
0.273059
0.272948
0.272919
0.272906
0.272745
0.27273
0.272715
0.272646
0.272442
0.272385
0.27235
0.272268
0.272256
0.272254
0.272231
0.272224
0.272095
0.272077
0.272038
0.271991
0.271872
0.271864
0.271839
0.271775
0.271754
0.271736
0.271618
0.271526
0.271499
0.271481
0.271375
0.271359
0.271178
0.271121
0.271099
0.270877
0.270848
0.270807
0.27079
0.27072
0.270651
0.270639
0.270631
0.270488
0.270462
0.270439
0.270417
0.270349
0.270325
0.270322
0.27031
0.270283
0.270223
0.270134
0.270128
0.27012
0.269909
0.269883
0.269813
0.269734
0.269719
0.269708
0.269665
0.269621
0.269609
0.269607
0.2696
0.269509
0.269474
0.269456
0.269326
0.26922
0.269219
0.269177
0.269152
0.269057
0.269048
0.269034
0.268976
0.268935
0.268889
0.268779
0.268736
0.268728
0.268698
0.268658
0.268623
0.268576
0.268556
0.268475
0.268463
0.268451
0.26845
0.268446
0.268334
0.26828
0.268196
0.268191
0.26818
0.268129
0.268117
0.268116
0.268067
0.267768
0.267726
0.267698
0.267454
0.267437
0.267319
0.267127
0.267112
0.267095
0.267084
0.266976
0.266932
0.266798
0.266768
0.266694
0.266626
0.266623
0.266623
0.266511
0.266428
0.266425
0.266371
0.266321
0.266297
0.266276
0.266185
0.266185
0.266081
0.266072
0.26603
0.266002
0.265817
0.265615
0.26551
0.265481
0.265464
0.265439
0.265423
0.265422
0.265348
0.265209
0.26517
0.265158
0.265083
0.264967
0.264933
0.264918
0.264908
0.264844
0.264714
0.264679
0.264653
0.264609
0.264605
0.264376
0.264344
0.264193
0.264176
0.263868
0.2638
0.26378
0.263765
0.263693
0.263533
0.263523
0.263467
0.26335
0.263288
0.263284
0.263217
0.263114
0.263041
0.263015
0.262995
0.262953
0.262952
0.262879
0.26283
0.262811
0.262789
0.262772
0.262535
0.262521
0.26188
0.261779
0.261637
0.26143
0.261401
0.261291
0.261194
0.261178
0.261173
0.261163
0.261067
0.261001
0.260872
0.2606
0.26057
0.260472
0.260396
0.260384
0.260349
0.260331
0.260311
0.260248
0.260057
0.259975
0.259969
0.25993
0.259827
0.259825
0.259813
0.259466
0.259456
0.259435
0.259432
0.259274
0.259273
0.259262
0.259212
0.259145
0.259141
0.259099
0.258918
0.258886
0.258885
0.25884
0.258817
0.258817
0.258807
0.258775
0.258729
0.258649
0.258643
0.258636
0.258532
0.258461
0.258393
0.258365
0.25836
0.258345
0.258311
0.258219
0.258207
0.258075
0.25803
0.257975
0.257858
0.257736
0.257662
0.257486
0.257476
0.257381
0.257196
0.257062
0.257012
0.256836
0.256637
0.256623
0.256607
0.256499
0.256411
0.256356
0.256311
0.25631
0.256254
0.256169
0.256124
0.255946
0.255883
0.255864
0.255798
0.255736
0.255723
0.255639
0.255613
0.255544
0.255169
0.255131
0.255114
0.255092
0.254923
0.25484
0.25483
0.254807
0.254705
0.254679
0.254663
0.25466
0.254555
0.254522
0.254462
0.25445
0.254433
0.254412
0.254259
0.253939
0.253938
0.253757
0.253414
0.253297
0.253276
0.253134
0.253094
0.253089
0.253034
0.252869
0.252771
0.252744
0.252703
0.252593
0.252517
0.252479
0.252476
0.252305
0.252299
0.252255
0.252226
0.252114
0.25189
0.251886
0.251767
0.251739
0.251562
0.25151
0.251347
0.251338
0.251321
0.25131
0.251142
0.250747
0.250666
0.25065
0.250624
0.250225
0.250216
0.250202
0.249946
0.249854
0.249776
0.249678
0.249674
0.249654
0.2493
0.249203
0.249081
0.248993
0.248973
0.248782
0.248678
0.248583
0.248249
0.248223
0.24818
0.248132
0.248122
0.248092
0.248047
0.247957
0.247883
0.247868
0.247765
0.247649
0.247641
0.247575
0.247574
0.247547
0.247543
0.247473
0.247465
0.24745
0.247384
0.247221
0.246886
0.246756
0.246602
0.246599
0.246418
0.246335
0.246089
0.246001
0.245994
0.245974
0.245971
0.245962
0.245945
0.24593
0.245901
0.245864
0.245818
0.245659
0.245617
0.245539
0.245507
0.245505
0.245493
0.245409
0.245156
0.245092
0.245081
0.244998
0.244975
0.244962
0.244913
0.244875
0.24481
0.244807
0.244683
0.244583
0.24457
0.244494
0.244454
0.244396
0.244395
0.244387
0.244356
0.244287
0.244274
0.244247
0.244198
0.244191
0.244187
0.244141
0.244101
0.243957
0.243943
0.243863
0.243853
0.243833
0.24382
0.243686
0.243665
0.243653
0.243617
0.2436
0.243508
0.243503
0.243396
0.243373
0.243341
0.243172
0.243153
0.243135
0.243068
0.24274
0.242642
0.242604
0.242568
0.242506
0.24222
0.242117
0.242116
0.242069
0.241989
0.241914
0.241892
0.241695
0.241669
0.241583
0.24156
0.24156
0.241506
0.241153
0.241067
0.240755
0.24067
0.240536
0.240372
0.240236
0.240199
0.240183
0.240163
0.240108
0.239788
0.239779
0.239649
0.239505
0.239343
0.239107
0.239107
0.23881
0.238784
0.238721
0.238672
0.238665
0.238566
0.238431
0.23842
0.238288
0.238262
0.238208
0.238152
0.238143
0.2381
0.238068
0.237851
0.237711
0.237607
0.237519
0.237517
0.237363
0.237173
0.237162
0.237095
0.237017
0.236934
0.236789
0.236759
0.236691
0.236662
0.236626
0.236562
0.236376
0.236349
0.23619
0.235938
0.235913
0.235765
0.23565
0.235558
0.23552
0.235508
0.235367
0.235146
0.235099
0.235082
0.234981
0.234959
0.234929
0.234889
0.234814
0.234742
0.234686
0.234614
0.234579
0.234575
0.234501
0.234457
0.234163
0.234159
0.234145
0.234034
0.233975
0.233956
0.233955
0.233919
0.233683
0.233647
0.233635
0.233609
0.233573
0.233555
0.233519
0.233503
0.233486
0.233442
0.233259
0.233235
0.233114
0.233112
0.233082
0.233032
0.232922
0.232815
0.232743
0.232648
0.232636
0.232303
0.232296
0.232161
0.232101
0.232101
0.232043
0.231882
0.231786
0.231766
0.2317
0.231606
0.231597
0.231593
0.23142
0.231339
0.231297
0.23129
0.230857
0.230775
0.230654
0.230577
0.230385
0.230359
0.23007
0.229976
0.229951
0.22995
0.229847
0.22982
0.229796
0.229642
0.229601
0.229575
0.22954
0.229511
0.229501
0.229307
0.229221
0.229073
0.22899
0.228848
0.228833
0.228782
0.228683
0.228493
0.22849
0.228415
0.228373
0.228359
0.228309
0.228271
0.228264
0.228045
0.228041
0.227876
0.227516
0.227414
0.227381
0.22703
0.226946
0.226939
0.226732
0.226673
0.226618
0.226367
0.226359
0.226356
0.22627
0.226249
0.226204
0.226176
0.226172
0.226121
0.226058
0.225837
0.225832
0.225824
0.225743
0.225703
0.225628
0.225605
0.225565
0.225425
0.225341
0.225292
0.225286
0.225276
0.225044
0.225013
0.224826
0.224795
0.224744
0.224722
0.224714
0.224514
0.224343
0.224316
0.224233
0.224083
0.223895
0.223749
0.223726
0.223604
0.223561
0.223378
0.22332
0.223202
0.223163
0.223071
0.222967
0.222954
0.222799
0.222633
0.222579
0.222564
0.222543
0.222538
0.222452
0.222419
0.222344
0.222336
0.222149
0.22197
0.221893
0.22186
0.221825
0.221784
0.221425
0.2213
0.221243
0.221218
0.221139
0.221088
0.22107
0.220858
0.220783
0.220746
0.220633
0.22059
0.220537
0.220491
0.220477
0.220459
0.220457
0.220336
0.220295
0.220225
0.220182
0.220102
0.219978
0.219969
0.219765
0.219749
0.219601
0.219335
0.219215
0.219165
0.219072
0.219004
0.218981
0.218947
0.218808
0.218568
0.218488
0.21845
0.21842
0.218417
0.218386
0.218356
0.218227
0.218072
0.217909
0.217702
0.217452
0.217447
0.217279
0.217224
0.217202
0.217166
0.217051
0.216843
0.216729
0.216514
0.216395
0.216369
0.216247
0.216123
0.215995
0.215889
0.215673
0.215635
0.215333
0.215282
0.215112
0.214857
0.214535
0.214528
0.214427
0.214113
0.214058
0.214038
0.214038
0.213969
0.213941
0.213927
0.213926
0.21375
0.213644
0.213549
0.213482
0.213358
0.213289
0.213283
0.213184
0.213045
0.213026
0.213023
0.212823
0.212714
0.212636
0.212632
0.212595
0.212488
0.212421
0.212329
0.212089
0.211956
0.211828
0.211719
0.211652
0.211645
0.211558
0.211519
0.211505
0.211446
0.211231
0.211086
0.210845
0.210779
0.210775
0.210608
0.210216
0.210004
0.20984
0.209838
0.209832
0.209643
0.209508
0.209295
0.209229
0.208757
0.208368
0.208364
0.208233
0.208166
0.20809
0.208064
0.207988
0.207915
0.20786
0.207808
0.207705
0.207699
0.207664
0.207661
0.207621
0.207567
0.207469
0.207258
0.207177
0.20696
0.206948
0.206932
0.206868
0.206792
0.206662
0.206564
0.206546
0.20646
0.206455
0.206234
0.206119
0.206053
0.205962
0.205905
0.205833
0.205765
0.205532
0.205467
0.205452
0.205335
0.205224
0.205212
0.204923
0.204718
0.204617
0.20457
0.204445
0.204419
0.20428
0.204255
0.204179
0.204076
0.203979
0.203977
0.203956
0.203951
0.203927
0.203867
0.203844
0.20378
0.203775
0.203567
0.203478
0.203315
0.203206
0.203131
0.203124
0.203039
0.202964
0.202919
0.202751
0.20273
0.2027
0.202523
0.202507
0.202421
0.202349
0.202246
0.202138
0.201987
0.201789
0.201569
0.201506
0.201204
0.201139
0.201031
0.200665
0.200617
0.20053
0.200103
0.200049
0.199835
0.19955
0.199492
0.199244
0.19922
0.199119
0.199095
0.19909
0.199057
0.19893
0.198838
0.198743
0.198715
0.198683
0.198578
0.19857
0.198442
0.198439
0.198437
0.198163
0.198083
0.198005
0.19775
0.197715
0.197639
0.197557
0.197443
0.197438
0.197424
0.197399
0.197313
0.197194
0.19713
0.19711
0.196848
0.196639
0.196394
0.196214
0.196139
0.195956
0.195931
0.195671
0.195566
0.195552
0.195313
0.195311
0.195298
0.195271
0.195186
0.195085
0.195065
0.195045
0.194904
0.194804
0.194574
0.194523
0.194177
0.19414
0.194108
0.194105
0.194076
0.19385
0.193837
0.19375
0.19361
0.193536
0.193505
0.193204
0.193189
0.193157
0.192517
0.192333
0.19213
0.192116
0.191753
0.191728
0.191725
0.19159
0.191511
0.191241
0.190761
0.190677
0.19056
0.190454
0.190445
0.190332
0.190258
0.190243
0.190162
0.190145
0.190073
0.190056
0.190013
0.189918
0.189892
0.189868
0.189833
0.189777
0.189773
0.189647
0.18962
0.189535
0.18937
0.189298
0.189242
0.189208
0.188998
0.18897
0.188929
0.188849
0.188829
0.188756
0.188721
0.188498
0.188435
0.188209
0.188107
0.187926
0.187918
0.187828
0.187747
0.187401
0.187394
0.187216
0.186986
0.186937
0.186598
0.186597
0.186574
0.186318
0.186263
0.186187
0.185908
0.185888
0.185873
0.185804
0.185781
0.185701
0.185554
0.18551
0.185496
0.185487
0.185412
0.185378
0.185307
0.185119
0.185048
0.184931
0.184856
0.184639
0.184583
0.18439
0.184246
0.184203
0.184126
0.183956
0.183923
0.183703
0.183657
0.183653
0.183536
0.18344
0.183286
0.183231
0.183168
0.183129
0.183087
0.183015
0.182782
0.182781
0.182695
0.182608
0.182606
0.182587
0.182516
0.182466
0.182423
0.182298
0.182204
0.18198
0.18195
0.181917
0.18185
0.18178
0.181717
0.181398
0.181138
0.180872
0.180789
0.180738
0.180525
0.180076
0.179871
0.179586
0.179314
0.178938
0.178794
0.178627
0.178266
0.177891
0.177878
0.177803
0.177749
0.177747
0.17774
0.177612
0.177563
0.177539
0.177428
0.177424
0.177195
0.177164
0.177087
0.17694
0.176932
0.17693
0.176871
0.176621
0.176607
0.176588
0.17643
0.176382
0.176256
0.176221
0.176171
0.176157
0.175939
0.175909
0.175764
0.175704
0.175499
0.175357
0.175324
0.175133
0.174912
0.174848
0.174726
0.174681
0.174613
0.174576
0.174558
0.174532
0.17451
0.174327
0.174313
0.174088
0.174064
0.174042
0.173937
0.173838
0.173759
0.173675
0.173649
0.173387
0.173321
0.172971
0.172829
0.172797
0.172635
0.172621
0.172598
0.172537
0.172413
0.172104
0.172056
0.172001
0.171838
0.171717
0.171629
0.171594
0.171568
0.171552
0.171541
0.171427
0.171405
0.171346
0.171341
0.171214
0.171135
0.171008
0.170845
0.170831
0.170819
0.170713
0.170611
0.170605
0.170451
0.170347
0.170248
0.17022
0.170053
0.169986
0.169964
0.169881
0.169851
0.169801
0.169638
0.169546
0.169485
0.169387
0.169338
0.169276
0.169262
0.169163
0.169064
0.169018
0.168903
0.168852
0.168674
0.168573
0.168571
0.168526
0.168304
0.168251
0.168194
0.168037
0.168017
0.1676
0.167193
0.167126
0.167064
0.167011
0.16688
0.166705
0.16645
0.166368
0.166069
0.165581
0.165579
0.165553
0.165527
0.165412
0.165118
0.165093
0.164932
0.164761
0.164724
0.164462
0.164441
0.164354
0.164283
0.164217
0.163998
0.163647
0.163389
0.16331
0.163297
0.163289
0.163269
0.163157
0.163142
0.163136
0.162899
0.162698
0.162485
0.162399
0.162354
0.162328
0.162313
0.162276
0.162228
0.162209
0.162206
0.162202
0.162111
0.161985
0.16197
0.161928
0.16192
0.161887
0.161862
0.161801
0.161736
0.161711
0.161613
0.161469
0.161128
0.16107
0.160982
0.160969
0.160955
0.160868
0.160859
0.160826
0.160646
0.160141
0.160076
0.159868
0.159853
0.159787
0.159726
0.159594
0.159505
0.159417
0.159374
0.159352
0.159336
0.159228
0.15918
0.159148
0.15894
0.158927
0.158919
0.158909
0.158908
0.158845
0.158837
0.158682
0.158508
0.158392
0.158346
0.158104
0.158094
0.158015
0.158015
0.157643
0.15749
0.157346
0.157097
0.157011
0.1569
0.156855
0.156758
0.156634
0.15661
0.156478
0.156458
0.156407
0.156097
0.156035
0.155948
0.155872
0.15571
0.155552
0.155485
0.15543
0.155322
0.155128
0.155127
0.155035
0.154922
0.154877
0.154765
0.154717
0.154599
0.154543
0.15418
0.154133
0.15401
0.153909
0.153884
0.15385
0.15381
0.153663
0.153633
0.153483
0.153231
0.153081
0.153077
0.153071
0.152984
0.152939
0.152906
0.152231
0.152167
0.152154
0.152135
0.152004
0.151563
0.151527
0.151493
0.151469
0.151466
0.15144
0.151293
0.151261
0.15125
0.151182
0.15108
0.151071
0.15081
0.150682
0.150661
0.150616
0.150522
0.150391
0.150059
0.150057
0.15001
0.149846
0.149816
0.149641
0.149558
0.149402
0.149389
0.149353
0.14924
0.149123
0.149045
0.148996
0.14867
0.148376
0.148374
0.148238
0.148201
0.14806
0.148022
0.147947
0.147927
0.147895
0.147838
0.147684
0.147458
0.147369
0.147097
0.146663
0.14666
0.146586
0.146518
0.14633
0.146202
0.146
0.145967
0.145947
0.145933
0.145885
0.145802
0.145798
0.145754
0.145666
0.145643
0.145642
0.145615
0.145582
0.145364
0.145361
0.145266
0.145245
0.145223
0.145151
0.145054
0.145017
0.144985
0.144841
0.144759
0.144645
0.144414
0.144139
0.144029
0.14372
0.143648
0.143605
0.143561
0.143528
0.143395
0.143339
0.143165
0.143112
0.143066
0.142845
0.1427
0.142582
0.142562
0.142552
0.14255
0.142396
0.142189
0.14216
0.142006
0.141974
0.141755
0.141514
0.141359
0.141329
0.141291
0.141275
0.14097
0.140808
0.140779
0.140205
0.13996
0.13993
0.139892
0.139807
0.139797
0.139613
0.13957
0.139376
0.139317
0.139313
0.139241
0.139112
0.138912
0.138478
0.138459
0.138402
0.138368
0.138186
0.138112
0.137958
0.137904
0.137805
0.137707
0.13756
0.137412
0.137159
0.137147
0.137063
0.137054
0.137032
0.137005
0.136791
0.136373
0.13606
0.135699
0.135685
0.135471
0.135469
0.135274
0.135174
0.135169
0.135103
0.134811
0.134779
0.134776
0.134668
0.134409
0.134352
0.134287
0.134165
0.134134
0.13404
0.134014
0.133974
0.133545
0.133495
0.133341
0.133278
0.133031
0.133018
0.132811
0.132779
0.132715
0.132712
0.132638
0.132599
0.132589
0.132554
0.132415
0.132376
0.132111
0.132073
0.131955
0.131903
0.131722
0.1315
0.131486
0.131319
0.131232
0.131205
0.1312
0.131156
0.130976
0.130972
0.130946
0.130748
0.130729
0.130703
0.130625
0.130518
0.130455
0.130452
0.130341
0.130323
0.130164
0.130136
0.130091
0.129888
0.129663
0.129398
0.12926
0.129217
0.12898
0.128904
0.128902
0.128798
0.128758
0.127952
0.127877
0.127715
0.127546
0.127494
0.127436
0.127434
0.127383
0.127341
0.127339
0.127336
0.127234
0.127033
0.127029
0.126708
0.126654
0.126315
0.126301
0.12584
0.125769
0.125534
0.125343
0.12526
0.125234
0.125227
0.125204
0.125156
0.125002
0.124824
0.124811
0.12479
0.124709
0.124352
0.12433
0.124263
0.124263
0.124174
0.124174
0.123897
0.123692
0.123686
0.12362
0.123578
0.12354
0.123438
0.123402
0.123315
0.123299
0.123284
0.12328
0.123247
0.123234
0.1232
0.123169
0.123119
0.123114
0.123095
0.123038
0.123006
0.122729
0.122726
0.122661
0.122647
0.122621
0.122503
0.122356
0.122343
0.122246
0.122093
0.122071
0.122051
0.121843
0.121601
0.121589
0.12144
0.121399
0.121391
0.121387
0.121335
0.121305
0.121266
0.121155
0.121106
0.121097
0.121091
0.121026
0.120729
0.120706
0.120677
0.120533
0.120509
0.120409
0.120357
0.120239
0.1202
0.12011
0.119956
0.119809
0.119501
0.119359
0.11921
0.119171
0.119118
0.119063
0.119017
0.118942
0.11846
0.118351
0.118349
0.118321
0.118295
0.117992
0.117775
0.117638
0.117636
0.117508
0.117322
0.117297
0.117244
0.117077
0.117074
0.117003
0.11678
0.115994
0.115772
0.115768
0.115403
0.115372
0.11527
0.115257
0.115198
0.114911
0.114906
0.114634
0.114564
0.114455
0.114241
0.114202
0.114156
0.114046
0.11388
0.11387
0.113805
0.113735
0.113683
0.113678
0.113648
0.113488
0.113318
0.113159
0.113069
0.11303
0.112999
0.112951
0.112912
0.112857
0.112836
0.112828
0.112725
0.112697
0.112558
0.112264
0.112218
0.112109
0.111999
0.111885
0.111789
0.111402
0.111311
0.111307
0.111182
0.111158
0.111051
0.111016
0.110868
0.110841
0.110583
0.110541
0.110386
0.110276
0.110193
0.110098
0.109732
0.109641
0.109613
0.109354
0.109337
0.109237
0.109215
0.109142
0.109053
0.109005
0.108834
0.108779
0.108691
0.108613
0.108561
0.108485
0.108463
0.108366
0.108339
0.10832
0.108167
0.108158
0.108095
0.108082
0.108072
0.108071
0.108048
0.107896
0.107882
0.107832
0.107809
0.107513
0.107344
0.107289
0.10726
0.107105
0.10692
0.10691
0.106877
0.106825
0.106671
0.10662
0.106573
0.10632
0.106284
0.106269
0.106192
0.105945
0.10594
0.105749
0.105317
0.105219
0.105187
0.105015
0.104932
0.104905
0.104851
0.104845
0.10484
0.104696
0.104421
0.104347
0.104342
0.104318
0.104234
0.104104
0.104081
0.10407
0.10375
0.103653
0.103626
0.10347
0.103272
0.103018
0.102775
0.102663
0.102444
0.102417
0.102313
0.102294
0.102271
0.102157
0.101993
0.101991
0.101944
0.10182
0.101819
0.101697
0.101683
0.101517
0.101476
0.101355
0.101317
0.101285
0.101027
0.101025
0.100947
0.100761
0.100741
0.100716
0.100698
0.100352
0.100232
0.100221
0.100199
0.100151
0.10006
0.0999717
0.0999486
0.0998813
0.099558
0.0994754
0.0992075
0.0990367
0.0990032
0.0989549
0.0987917
0.0987264
0.0987253
0.0981758
0.0981492
0.0981152
0.0980505
0.0980093
0.0979855
0.0978418
0.0977999
0.0976652
0.0976454
0.0975242
0.0975075
0.0974836
0.0973411
0.0972738
0.0972529
0.0970207
0.0969042
0.0966886
0.096508
0.0964559
0.0964309
0.0964226
0.0961549
0.0961236
0.0960678
0.0959133
0.0957766
0.0956366
0.0956108
0.0952035
0.0951482
0.0951217
0.0949686
0.0949012
0.0948415
0.0947714
0.0947124
0.0946963
0.094538
0.0944155
0.0943373
0.0940285
0.0940225
0.0939538
0.0939537
0.0938858
0.093853
0.0937564
0.0936845
0.0936829
0.0935456
0.0934183
0.0932718
0.0930738
0.0929096
0.0927195
0.0923654
0.0923452
0.0921043
0.0917487
0.0917188
0.0913909
0.0913591
0.0913319
0.0912437
0.0910597
0.0907496
0.0907325
0.0906077
0.090606
0.0905962
0.0905569
0.0903292
0.0902258
0.0901655
0.0900271
0.0899577
0.089941
0.0898889
0.089705
0.0896075
0.0895572
0.0895087
0.089277
0.0892659
0.0889513
0.0887863
0.0886889
0.0886782
0.0885938
0.088576
0.0883876
0.088075
0.0880705
0.0880068
0.0875613
0.0875239
0.0874086
0.087351
0.0872959
0.08714
0.0870378
0.0870137
0.0867928
0.0867531
0.0867208
0.0866508
0.0863789
0.0863764
0.086322
0.0862915
0.0862729
0.086208
0.0857504
0.0857087
0.0856301
0.0856198
0.0854944
0.0852409
0.0851025
0.0850927
0.0850788
0.0850471
0.085003
0.084929
0.0848835
0.0848509
0.0848321
0.0847968
0.0847196
0.0846599
0.0845696
0.0845644
0.0845209
0.0844118
0.0841295
0.0840505
0.084041
0.0839734
0.083963
0.0839419
0.0839051
0.0837484
0.0836885
0.0835612
0.0835204
0.0834144
0.0833139
0.0831823
0.0831144
0.0830995
0.0830429
0.0829503
0.08294
0.0828989
0.0827629
0.0827468
0.0826749
0.082538
0.0824865
0.0824793
0.0823811
0.082226
0.082205
0.0821712
0.0820278
0.0819991
0.0818647
0.0817024
0.0816156
0.0815829
0.0815373
0.0815017
0.0813901
0.0813581
0.0812844
0.0811531
0.0811338
0.08107
0.0810632
0.0810278
0.0806817
0.0800455
0.0799883
0.0799732
0.0795911
0.0793234
0.0792773
0.0792122
0.0789679
0.078954
0.0787796
0.0786015
0.078536
0.0785016
0.0782636
0.0779533
0.0778576
0.0776285
0.0774991
0.0773769
0.0769432
0.076941
0.0768982
0.0768796
0.0768288
0.0767588
0.0763122
0.0762572
0.0761805
0.0760578
0.076011
0.0759567
0.075782
0.0756914
0.0756386
0.0755553
0.0754867
0.0754658
0.0753338
0.0752992
0.0752753
0.075045
0.0750345
0.074996
0.0746715
0.0743034
0.0742998
0.0740827
0.0737621
0.0735496
0.0732033
0.0730228
0.0729959
0.0728566
0.0728177
0.072791
0.0726178
0.072591
0.0723906
0.072304
0.0720144
0.0717961
0.0716946
0.071622
0.0714982
0.0714922
0.071235
0.0711369
0.071125
0.0710442
0.0707046
0.0706823
0.0706681
0.0706607
0.0706544
0.0705893
0.070577
0.0704874
0.0704208
0.070041
0.0700237
0.0699998
0.0698995
0.0697079
0.069629
0.0695537
0.0694816
0.0692547
0.0688295
0.0686262
0.068522
0.0683448
0.0683133
0.0682344
0.0681861
0.0681564
0.0681337
0.0680742
0.067901
0.0677379
0.0674492
0.0672695
0.067243
0.0671572
0.0671324
0.0670961
0.0668942
0.0668837
0.0668071
0.0666199
0.0665861
0.0665447
0.066544
0.0665312
0.0664148
0.0663094
0.0662203
0.0662039
0.0661524
0.0660328
0.065918
0.0656833
0.0656423
0.0655913
0.0652165
0.0650893
0.0649922
0.0649865
0.0649415
0.0645126
0.0644718
0.0644289
0.0642825
0.0642191
0.0641953
0.0641748
0.0640256
0.0639373
0.0639175
0.063795
0.0636696
0.0636507
0.0636363
0.0636354
0.0633867
0.0631151
0.0630629
0.0630553
0.0629684
0.0629475
0.0627799
0.0626199
0.0626003
0.0623475
0.0623035
0.0621429
0.0621345
0.0620865
0.0620486
0.0619883
0.0619674
0.0619242
0.0619201
0.0618573
0.061798
0.0617622
0.061463
0.0614351
0.0613307
0.0612892
0.0612447
0.0611426
0.0610943
0.0610526
0.0610297
0.0608908
0.0608894
0.0607183
0.0605279
0.0605015
0.0602706
0.0602349
0.0598911
0.059755
0.0597126
0.0596468
0.0596236
0.0595611
0.0595175
0.0594964
0.0592414
0.0591792
0.0590553
0.0589968
0.058873
0.0587316
0.0586861
0.058178
0.0579007
0.0578784
0.0576368
0.0576253
0.057537
0.0575093
0.0574036
0.057359
0.0573355
0.0571886
0.0571184
0.0570785
0.0569229
0.0566752
0.0566478
0.0564907
0.056425
0.0563013
0.0561712
0.0561506
0.0559718
0.0558301
0.0557227
0.0556348
0.0554787
0.0554292
0.0554209
0.0554154
0.0553374
0.0551254
0.0550158
0.0550008
0.0549826
0.0549778
0.0549561
0.0549505
0.0548686
0.0546509
0.0546136
0.054519
0.0544893
0.0543613
0.0539472
0.0537648
0.0537443
0.053709
0.0536536
0.0536033
0.0535959
0.053572
0.0535584
0.0534761
0.0532358
0.0531498
0.0530411
0.0529551
0.0528877
0.0527574
0.0526742
0.0526201
0.0525785
0.0524248
0.0523662
0.0523213
0.0523097
0.0522987
0.0520371
0.0518683
0.0518409
0.0518027
0.0514334
0.0514329
0.0514123
0.0514068
0.0512844
0.0511027
0.051087
0.0510532
0.051043
0.0509708
0.0509121
0.0508032
0.0507803
0.0504845
0.0504742
0.0504615
0.0504141
0.0501953
0.0500763
0.0499472
0.0499175
0.0498254
0.0498118
0.049786
0.0496693
0.0495543
0.0495013
0.0492854
0.0492071
0.049137
0.0489081
0.0487852
0.0486473
0.0486231
0.0484353
0.0483113
0.0479689
0.0479454
0.0478641
0.0476047
0.0475732
0.0475213
0.047133
0.04704
0.0469127
0.0468377
0.046722
0.0466169
0.0465911
0.0465653
0.0465567
0.0465455
0.0464061
0.0463529
0.0461936
0.0461749
0.0460403
0.0459677
0.0458628
0.045846
0.045791
0.0457866
0.0457293
0.0453191
0.0448306
0.0447949
0.0447109
0.0445164
0.0442505
0.0440696
0.0440269
0.0439146
0.0438916
0.0438387
0.043661
0.0435473
0.043482
0.043329
0.0433242
0.043227
0.0432128
0.0431903
0.0431721
0.0430447
0.0429917
0.0424481
0.0423306
0.0420319
0.041971
0.0419633
0.0418209
0.0417537
0.0416003
0.0414012
0.0413828
0.0413636
0.0413433
0.0409444
0.0409323
0.0407729
0.0407239
0.0406171
0.0404261
0.0398794
0.0398687
0.0398133
0.0398106
0.0397792
0.0395641
0.0394699
0.0394623
0.0394004
0.0393194
0.0391864
0.0391613
0.0390919
0.0390063
0.0388656
0.0387499
0.0386574
0.0382931
0.038279
0.038197
0.0381738
0.0381557
0.0381347
0.0380688
0.0377704
0.0377015
0.0375837
0.0375411
0.0374908
0.0374657
0.0373364
0.0373226
0.0372894
0.0371674
0.0371404
0.0371295
0.0370551
0.0369164
0.0368483
0.036753
0.0367483
0.0366543
0.0366511
0.0366189
0.0365206
0.0364798
0.0363551
0.0362935
0.0362615
0.0360136
0.0355131
0.0351348
0.0351116
0.035098
0.0349608
0.0348598
0.0346746
0.0346415
0.0344483
0.034338
0.0342696
0.0342381
0.0341544
0.0339936
0.033948
0.0339177
0.0338589
0.0338302
0.033567
0.0335017
0.0333021
0.0332867
0.03327
0.0332126
0.0331847
0.0330145
0.0329939
0.0328514
0.0328013
0.0327562
0.032604
0.0326026
0.0325895
0.0325862
0.0325798
0.032465
0.032299
0.0322153
0.0320908
0.0320051
0.0319805
0.0318305
0.0317027
0.031625
0.0315819
0.0315207
0.0313744
0.031353
0.0313178
0.0312466
0.0312304
0.0311429
0.031001
0.0307936
0.0306818
0.0305482
0.0305127
0.0304196
0.0303298
0.0302435
0.0302098
0.0299787
0.0299785
0.0299038
0.0298489
0.0297881
0.0296423
0.0296144
0.0294904
0.0294705
0.0293887
0.0293352
0.0291524
0.0289802
0.0289178
0.0287501
0.0287363
0.0285852
0.0284599
0.0283446
0.0282676
0.0281775
0.0279434
0.0278673
0.027857
0.0276885
0.027612
0.0271334
0.0269975
0.0269826
0.026835
0.0267604
0.026696
0.0266528
0.0266195
0.0265849
0.0265808
0.0264225
0.0263026
0.0261661
0.0260347
0.0260089
0.0256062
0.0254942
0.0252143
0.0251466
0.0251325
0.0249596
0.0249129
0.0247998
0.0246211
0.0246105
0.0245771
0.0244904
0.0244148
0.0241538
0.0241396
0.0241346
0.0241318
0.0237165
0.023536
0.0234487
0.0233723
0.0233699
0.0233226
0.0230899
0.0229723
0.02279
0.022785
0.022603
0.0225822
0.022539
0.0223175
0.0221918
0.0220374
0.0218909
0.0218066
0.0214617
0.0213152
0.0211861
0.0209702
0.0208759
0.0207351
0.0205915
0.020566
0.0205051
0.0204676
0.0203661
0.0200881
0.0200784
0.0199646
0.0197287
0.0195664
0.0195572
0.0194
0.0193164
0.019285
0.0191405
0.0190862
0.0189249
0.0187664
0.0187576
0.0187354
0.0186758
0.018651
0.0184231
0.0182515
0.0182374
0.0180829
0.0180466
0.0179959
0.0179874
0.0179456
0.0178178
0.0177234
0.017664
0.0175574
0.0175251
0.0175051
0.0174485
0.0173694
0.0172284
0.0172169
0.017212
0.0171006
0.0170362
0.0166964
0.0166132
0.0163481
0.0163374
0.0162512
0.0162459
0.0161751
0.0161232
0.0160842
0.0157555
0.0157058
0.0156648
0.0155514
0.0154718
0.0152535
0.0152459
0.0152377
0.0151676
0.0149614
0.0148413
0.0148144
0.0143963
0.0139044
0.0138273
0.0136369
0.0133263
0.0131519
0.0129945
0.0128802
0.012861
0.0127594
0.0127435
0.0122965
0.0121882
0.0120556
0.0120275
0.0116499
0.0116293
0.0115975
0.0115345
0.0113968
0.0113877
0.0113831
0.011304
0.0110933
0.0108024
0.0107486
0.0106905
0.0106904
0.0106701
0.0106388
0.0105265
0.0104535
0.0103275
0.0102043
0.0099582
0.0099556
0.00984357
0.00975465
0.00975401
0.0096046
0.00950944
0.0094927
0.00938847
0.0093411
0.00933328
0.00924706
0.00900488
0.00879916
0.00870055
0.00853867
0.00852618
0.00845627
0.00831005
0.00826287
0.00819704
0.0081617
0.00815622
0.00806141
0.00803414
0.00784383
0.00776423
0.00758692
0.00757927
0.00753337
0.00752883
0.00742777
0.00739151
0.00660466
0.00649613
0.00642203
0.0064134
0.00639877
0.00590466
0.00565703
0.00549918
0.00531364
0.00526612
0.00509781
0.00499788
0.00490519
0.00476001
0.00459163
0.00445328
0.00417573
0.004119
0.00402281
0.00399674
0.0039942
0.00397937
0.00381186
0.00377721
0.00368049
0.00351398
0.00346247
0.00333096
0.00328232
0.00322352
0.00321304
0.00317297
0.00317146
0.00304338
0.00300073
0.00287908
0.00278704
0.00261276
0.00256069
0.00248403
0.00215709
0.00210268
0.00177945
0.00167998
0.00165421
0.00154689
0.0015222
0.00147121
0.00131537
0.00128411
0.00117187
0.00115594
0.00104839
0.00088317
0.000687775
0.00043069
5.41242e-05
2.40128e-05
